 0.0016  3.252    1.00   14.24    -0.2
 0.0024  3.228    1.06   14.37     0.9
 0.0032  3.228    1.06   14.37     0.9
 0.0040  3.328    0.89   14.02    -5.7
 0.0048  3.392    0.79   13.83   -10.3
 0.0054  3.320    0.90   14.04    -5.1
 0.0062  3.334    0.88   14.00    -6.1
 0.0070  3.360    0.84   13.93    -8.0
 0.0078  3.268    0.97   14.20    -1.3
 0.0086  3.244    1.02   14.28     0.2
 0.0096  3.520    0.60   13.46   -19.6
 0.0104  3.604    0.48   13.21   -25.8
 0.0112  3.730    0.30   12.84   -34.9
 0.0118  3.784    0.22   12.68   -38.8
 0.0128  4.026   -0.14   11.97   -56.4
 0.0136  4.100   -0.25   11.76   -61.8
 0.0148  4.384   -0.66   10.92   -82.5
 0.0160  4.480   -0.80   10.64   -89.4
 0.0170  4.796   -1.27    9.72  -112.4
 0.0176  4.872   -1.38    9.49  -118.0
 0.0184  4.922   -1.45    9.35  -121.6
 0.0188  4.850   -1.35    9.56  -116.4
 0.0195  4.884   -1.40    9.46  -118.8
 0.0205  4.758   -1.21    9.83  -109.7
 0.0217  4.804   -1.28    9.69  -113.0
 0.0225  4.734   -1.18    9.90  -107.9
 0.0237  4.756   -1.21    9.83  -109.5
 0.0248  4.712   -1.14    9.96  -106.3
 0.0258  4.720   -1.16    9.94  -106.9
 0.0266  4.652   -1.06   10.14  -102.0
 0.0278  4.588   -0.96   10.33   -97.3
 0.0287  4.554   -0.91   10.43   -94.8
 0.0297  4.504   -0.84   10.57   -91.2
 0.0307  4.520   -0.86   10.52   -92.4
 0.0317  4.458   -0.77   10.71   -87.8
 0.0324  4.558   -0.92   10.41   -95.1
 0.0335  4.524   -0.87   10.51   -92.7
 0.0343  4.554   -0.91   10.43   -94.8
 0.0351  4.482   -0.81   10.64   -89.6
 0.0363  4.544   -0.90   10.45   -94.1
 0.0376  4.454   -0.77   10.72   -87.6
 0.0384  4.472   -0.79   10.67   -88.9
 0.0394  4.414   -0.71   10.84   -84.7
 0.0404  4.418   -0.71   10.82   -84.9
 0.0411  4.406   -0.70   10.86   -84.1
 0.0419  4.452   -0.76   10.72   -87.4
 0.0430  4.428   -0.73   10.79   -85.7
 0.0442  4.406   -0.70   10.86   -84.1
 0.0454  4.392   -0.67   10.90   -83.1
 0.0465  4.382   -0.66   10.93   -82.3
 0.0475  4.382   -0.66   10.93   -82.3
 0.0483  4.378   -0.65   10.94   -82.0
 0.0491  4.414   -0.71   10.84   -84.7
 0.0499  4.472   -0.79   10.67   -88.9
 0.0507  4.362   -0.63   10.99   -80.9
 0.0513  4.338   -0.60   11.06   -79.1
 0.0519  4.290   -0.53   11.20   -75.6
 0.0528  4.206   -0.40   11.45   -69.5
 0.0534  4.168   -0.35   11.56   -66.8
 0.0542  4.276   -0.50   11.24   -74.6
 0.0552  4.294   -0.53   11.19   -75.9
 0.0560  4.226   -0.43   11.39   -71.0
 0.0570  4.328   -0.58   11.09   -78.4
 0.0581  4.414   -0.71   10.84   -84.7
 0.0591  4.358   -0.63   11.00   -80.6
 0.0605  4.318   -0.57   11.12   -77.7
 0.0619  4.386   -0.67   10.92   -82.6
 0.0627  4.384   -0.66   10.92   -82.5
 0.0635  4.326   -0.58   11.09   -78.3
 0.0643  4.440   -0.75   10.76   -86.6
 0.0651  4.448   -0.76   10.74   -87.1
 0.0661  4.436   -0.74   10.77   -86.3
 0.0674  4.322   -0.57   11.11   -78.0
 0.0689  4.240   -0.45   11.35   -72.0
 0.0703  4.128   -0.29   11.67   -63.8
 0.0715  4.048   -0.17   11.91   -58.0
 0.0729  4.052   -0.18   11.90   -58.3
 0.0740  4.088   -0.23   11.79   -61.0
 0.0750  4.074   -0.21   11.83   -59.9
 0.0766  3.988   -0.08   12.09   -53.7
 0.0778  3.912    0.03   12.31   -48.2
 0.0786  3.784    0.22   12.68   -38.8
 0.0794  3.766    0.24   12.74   -37.5
 0.0806  3.796    0.20   12.65   -39.7
 0.0812  3.780    0.22   12.70   -38.5
 0.0820  3.838    0.14   12.53   -42.8
 0.0832  3.994   -0.09   12.07   -54.1
 0.0846  3.958   -0.04   12.17   -51.5
 0.0856  3.918    0.02   12.29   -48.6
 0.0868  3.964   -0.05   12.16   -51.9
 0.0879  3.998   -0.10   12.06   -54.4
 0.0887  3.990   -0.09   12.08   -53.8
 0.0895  3.938   -0.01   12.23   -50.0
 0.0903  3.950   -0.03   12.20   -50.9
 0.0911  3.970   -0.06   12.14   -52.4
 0.0922  3.892    0.06   12.37   -46.7
 0.0932  3.726    0.30   12.85   -34.6
 0.0942  3.794    0.20   12.65   -39.6
 0.0951  3.776    0.23   12.71   -38.3
 0.0961  3.716    0.32   12.88   -33.9
 0.0969  3.728    0.30   12.85   -34.8
 0.0979  3.822    0.16   12.57   -41.6
 0.0988  3.756    0.26   12.77   -36.8
 0.0997  3.764    0.25   12.74   -37.4
 0.1009  3.728    0.30   12.85   -34.8
 0.1019  3.674    0.38   13.01   -30.8
 0.1027  3.656    0.40   13.06   -29.5
 0.1038  3.726    0.30   12.85   -34.6
 0.1052  3.708    0.33   12.91   -33.3
 0.1062  3.770    0.24   12.72   -37.8
 0.1072  3.838    0.14   12.53   -42.8
 0.1088  3.878    0.08   12.41   -45.7
 0.1100  3.820    0.16   12.58   -41.5
 0.1110  3.842    0.13   12.51   -43.0
 0.1120  3.728    0.30   12.85   -34.8
 0.1130  3.656    0.40   13.06   -29.5
 0.1137  3.594    0.50   13.24   -25.0
 0.1145  3.544    0.57   13.39   -21.4
 0.1155  3.620    0.46   13.16   -26.9
 0.1165  3.688    0.36   12.97   -31.9
 0.1175  3.542    0.57   13.39   -21.2
 0.1184  3.448    0.71   13.67   -14.4
 0.1192  3.412    0.76   13.77   -11.8
 0.1199  3.200    1.13   14.52     2.0
 0.1205  3.014    1.63   15.51     9.4
 0.1215  3.130    1.32   14.89     4.8
 0.1224  3.096    1.41   15.07     6.2
 0.1236  3.004    1.66   15.56     9.8
 0.1245  3.246    1.01   14.27     0.2
 0.1255  3.476    0.67   13.59   -16.4
 0.1263  3.572    0.53   13.31   -23.4
 0.1276  3.700    0.34   12.93   -32.7
 0.1286  4.070   -0.20   11.84   -59.6
 0.1298  4.076   -0.21   11.83   -60.1
 0.1310  4.208   -0.41   11.44   -69.7
 0.1324  4.450   -0.76   10.73   -87.3
 0.1334  4.704   -1.13    9.98  -105.8
 0.1344  4.730   -1.17    9.91  -107.6
 0.1354  4.748   -1.20    9.86  -108.9
 0.1368  4.826   -1.31    9.63  -114.6
 0.1378  4.744   -1.19    9.87  -108.7
 0.1386  4.710   -1.14    9.97  -106.2
 0.1396  4.716   -1.15    9.95  -106.6
 0.1404  4.722   -1.16    9.93  -107.1
 0.1410  4.654   -1.06   10.13  -102.1
 0.1418  4.650   -1.05   10.14  -101.8
 0.1426  4.640   -1.04   10.17  -101.1
 0.1433  4.666   -1.08   10.10  -103.0
 0.1441  4.614   -1.00   10.25   -99.2
 0.1449  4.698   -1.12   10.00  -105.3
 0.1457  4.722   -1.16    9.93  -107.1
 0.1465  4.704   -1.13    9.98  -105.8
 0.1472  4.684   -1.10   10.04  -104.3
 0.1480  4.840   -1.33    9.59  -115.6
 0.1486  4.794   -1.26    9.72  -112.3
 0.1492  4.718   -1.15    9.94  -106.8
 0.1500  4.704   -1.13    9.98  -105.8
 0.1508  4.654   -1.06   10.13  -102.1
 0.1516  4.596   -0.97   10.30   -97.9
 0.1526  4.566   -0.93   10.39   -95.7
 0.1536  4.518   -0.86   10.53   -92.2
 0.1544  4.528   -0.87   10.50   -92.9
 0.1554  4.512   -0.85   10.55   -91.8
 0.1563  4.476   -0.80   10.65   -89.2
 0.1573  4.482   -0.81   10.64   -89.6
 0.1581  4.546   -0.90   10.45   -94.3
 0.1591  4.574   -0.94   10.37   -96.3
 0.1599  4.540   -0.89   10.47   -93.8
 0.1610  4.490   -0.82   10.61   -90.2
 0.1618  4.452   -0.76   10.72   -87.4
 0.1629  4.436   -0.74   10.77   -86.3
 0.1639  4.320   -0.57   11.11   -77.8
 0.1651  4.360   -0.63   10.99   -80.7
 0.1660  4.362   -0.63   10.99   -80.9
 0.1668  4.330   -0.58   11.08   -78.6
 0.1677  4.370   -0.64   10.96   -81.4
 0.1687  4.354   -0.62   11.01   -80.3
 0.1695  4.254   -0.47   11.31   -73.0
 0.1704  4.266   -0.49   11.27   -73.9
 0.1712  4.262   -0.48   11.28   -73.6
 0.1720  4.266   -0.49   11.27   -73.9
 0.1730  4.284   -0.52   11.22   -75.2
 0.1740  4.300   -0.54   11.17   -76.4
 0.1748  4.274   -0.50   11.25   -74.5
 0.1757  4.346   -0.61   11.03   -79.7
 0.1769  4.310   -0.55   11.14   -77.1
 0.1778  4.336   -0.59   11.06   -79.0
 0.1788  4.342   -0.60   11.05   -79.4
 0.1802  4.384   -0.66   10.92   -82.5
 0.1818  4.316   -0.56   11.12   -77.5
 0.1830  4.336   -0.59   11.06   -79.0
 0.1840  4.258   -0.48   11.29   -73.3
 0.1853  4.242   -0.45   11.34   -72.2
 0.1863  4.150   -0.32   11.61   -65.4
 0.1873  4.020   -0.13   11.99   -56.0
 0.1881  3.818    0.17   12.58   -41.3
 0.1891  3.820    0.16   12.58   -41.5
 0.1900  3.776    0.23   12.71   -38.3
 0.1912  3.714    0.32   12.89   -33.8
 0.1922  3.564    0.54   13.33   -22.8
 0.1932  3.564    0.54   13.33   -22.8
 0.1941  3.470    0.68   13.60   -16.0
 0.1949  3.444    0.72   13.68   -14.1
 0.1955  3.436    0.73   13.70   -13.5
 0.1965  3.540    0.57   13.40   -21.1
 0.1974  3.614    0.47   13.18   -26.5
 0.1983  3.598    0.49   13.23   -25.3
 0.1991  3.596    0.49   13.23   -25.2
 0.2001  3.498    0.64   13.52   -18.0
 0.2008  3.546    0.57   13.38   -21.5
 0.2017  3.542    0.57   13.39   -21.2
 0.2027  3.538    0.58   13.41   -21.0
 0.2037  3.508    0.62   13.49   -18.8
 0.2049  3.580    0.52   13.28   -24.0
 0.2060  3.602    0.48   13.22   -25.6
 0.2075  3.568    0.53   13.32   -23.1
 0.2089  3.626    0.45   13.15   -27.4
 0.2107  3.598    0.49   13.23   -25.3
 0.2123  3.644    0.42   13.09   -28.6
 0.2139  3.602    0.48   13.22   -25.6
 0.2150  3.592    0.50   13.25   -24.9
 0.2164  3.570    0.53   13.31   -23.3
 0.2176  3.604    0.48   13.21   -25.8
 0.2184  3.638    0.43   13.11   -28.2
 0.2192  3.728    0.30   12.85   -34.8
 0.2202  3.856    0.11   12.47   -44.1
 0.2209  4.078   -0.21   11.82   -60.2
 0.2217  4.192   -0.38   11.49   -68.5
 0.2225  4.216   -0.42   11.42   -70.3
 0.2235  4.364   -0.63   10.98   -81.0
 0.2242  4.390   -0.67   10.91   -82.9
 0.2253  4.284   -0.52   11.22   -75.2
 0.2261  4.284   -0.52   11.22   -75.2
 0.2271  4.266   -0.49   11.27   -73.9
 0.2279  4.124   -0.28   11.69   -63.6
 0.2292  3.928    0.01   12.26   -49.3
 0.2300  3.918    0.02   12.29   -48.6
 0.2308  3.944   -0.02   12.21   -50.5
 0.2320  4.026   -0.14   11.97   -56.4
 0.2333  3.952   -0.03   12.19   -51.0
 0.2341  3.966   -0.05   12.15   -52.1
 0.2349  3.930    0.00   12.26   -49.5
 0.2361  3.800    0.19   12.64   -40.0
 0.2368  3.610    0.47   13.19   -26.2
 0.2377  3.518    0.61   13.46   -19.5
 0.2385  3.586    0.51   13.26   -24.4
 0.2397  3.484    0.66   13.56   -17.0
 0.2407  3.540    0.57   13.40   -21.1
 0.2415  3.578    0.52   13.29   -23.9
 0.2423  3.746    0.27   12.80   -36.1
 0.2431  3.786    0.21   12.68   -39.0
 0.2438  3.986   -0.08   12.09   -53.5
 0.2447  4.144   -0.31   11.63   -65.0
 0.2457  4.288   -0.52   11.21   -75.5
 0.2465  4.358   -0.63   11.00   -80.6
 0.2473  4.416   -0.71   10.83   -84.8
 0.2481  4.476   -0.80   10.65   -89.2
 0.2490  4.464   -0.78   10.69   -88.3
 0.2498  4.506   -0.84   10.57   -91.3
 0.2506  4.494   -0.82   10.60   -90.5
 0.2514  4.506   -0.84   10.57   -91.3
 0.2522  4.454   -0.77   10.72   -87.6
 0.2529  4.460   -0.77   10.70   -88.0
 0.2536  4.422   -0.72   10.81   -85.2
 0.2544  4.400   -0.69   10.88   -83.6
 0.2552  4.404   -0.69   10.86   -83.9
 0.2561  4.410   -0.70   10.85   -84.4
 0.2569  4.326   -0.58   11.09   -78.3
 0.2577  4.274   -0.50   11.25   -74.5
 0.2585  4.316   -0.56   11.12   -77.5
 0.2593  4.322   -0.57   11.11   -78.0
 0.2602  4.306   -0.55   11.15   -76.8
 0.2609  4.166   -0.34   11.56   -66.6
 0.2615  4.174   -0.36   11.54   -67.2
 0.2623  4.252   -0.47   11.31   -72.9
 0.2631  4.256   -0.48   11.30   -73.2
 0.2638  4.206   -0.40   11.45   -69.5
 0.2644  4.420   -0.72   10.82   -85.1
 0.2652  4.474   -0.80   10.66   -89.0
 0.2658  4.372   -0.65   10.96   -81.6
 0.2666  4.384   -0.66   10.92   -82.5
 0.2675  4.414   -0.71   10.84   -84.7
 0.2683  4.378   -0.65   10.94   -82.0
 0.2693  4.414   -0.71   10.84   -84.7
 0.2703  4.444   -0.75   10.75   -86.8
 0.2712  4.362   -0.63   10.99   -80.9
 0.2719  4.288   -0.52   11.21   -75.5
 0.2729  4.172   -0.35   11.55   -67.1
 0.2737  4.136   -0.30   11.65   -64.4
 0.2745  4.110   -0.26   11.73   -62.5
 0.2756  4.074   -0.21   11.83   -59.9
 0.2766  4.012   -0.12   12.01   -55.4
 0.2776  4.056   -0.18   11.89   -58.6
 0.2789  3.968   -0.05   12.14   -52.2
 0.2803  3.926    0.01   12.27   -49.2
 0.2815  3.872    0.09   12.43   -45.2
 0.2827  3.940   -0.01   12.23   -50.2
 0.2841  3.870    0.09   12.43   -45.1
 0.2850  3.916    0.02   12.30   -48.4
 0.2860  3.888    0.06   12.38   -46.4
 0.2872  3.866    0.10   12.44   -44.8
 0.2886  3.842    0.13   12.51   -43.0
 0.2896  3.912    0.03   12.31   -48.2
 0.2910  3.938   -0.01   12.23   -50.0
 0.2922  3.996   -0.09   12.06   -54.3
 0.2934  4.110   -0.26   11.73   -62.5
 0.2944  4.162   -0.34   11.57   -66.3
 0.2953  4.184   -0.37   11.51   -67.9
 0.2963  4.236   -0.45   11.36   -71.7
 0.2975  4.268   -0.49   11.26   -74.0
 0.2983  4.276   -0.50   11.24   -74.6
 0.2995  4.238   -0.45   11.35   -71.8
 0.3008  4.270   -0.50   11.26   -74.2
 0.3018  4.166   -0.34   11.56   -66.6
 0.3028  4.050   -0.17   11.90   -58.2
 0.3039  4.010   -0.11   12.02   -55.3
 0.3052  3.964   -0.05   12.16   -51.9
 0.3062  3.882    0.07   12.40   -46.0
 0.3075  3.778    0.23   12.70   -38.4
 0.3089  3.670    0.38   13.02   -30.5
 0.3101  3.644    0.42   13.09   -28.6
 0.3115  3.612    0.47   13.19   -26.3
 0.3131  3.632    0.44   13.13   -27.8
 0.3142  3.666    0.39   13.03   -30.3
 0.3154  3.728    0.30   12.85   -34.8
 0.3170  3.596    0.49   13.23   -25.2
 0.3180  3.730    0.30   12.84   -34.9
 0.3188  3.662    0.40   13.04   -30.0
 0.3200  3.564    0.54   13.33   -22.8
 0.3212  3.556    0.55   13.35   -22.3
 0.3221  3.524    0.60   13.45   -19.9
 0.3231  3.298    0.93   14.11    -3.5
 0.3245  3.274    0.96   14.18    -1.8
 0.3257  3.302    0.92   14.10    -3.8
 0.3267  3.238    1.03   14.31     0.5
 0.3280  3.310    0.91   14.07    -4.4
 0.3294  3.382    0.81   13.86    -9.6
 0.3306  3.328    0.89   14.02    -5.7
 0.3318  3.356    0.84   13.94    -7.7
 0.3330  3.472    0.67   13.60   -16.1
 0.3340  3.568    0.53   13.32   -23.1
 0.3353  3.648    0.42   13.08   -29.0
 0.3367  3.800    0.19   12.64   -40.0
 0.3379  3.942   -0.01   12.22   -50.3
 0.3390  4.132   -0.29   11.66   -64.2
 0.3400  4.284   -0.52   11.22   -75.2
 0.3409  4.492   -0.82   10.61   -90.3
 0.3417  4.406   -0.70   10.86   -84.1
 0.3425  4.470   -0.79   10.67   -88.7
 0.3432  4.420   -0.72   10.82   -85.1
 0.3442  4.472   -0.79   10.67   -88.9
 0.3450  4.382   -0.66   10.93   -82.3
 0.3458  4.574   -0.94   10.37   -96.3
 0.3468  4.560   -0.92   10.41   -95.3
 0.3478  4.484   -0.81   10.63   -89.8
 0.3487  4.468   -0.79   10.68   -88.6
 0.3497  4.478   -0.80   10.65   -89.3
 0.3507  4.516   -0.86   10.54   -92.1
 0.3515  4.484   -0.81   10.63   -89.8
 0.3524  4.530   -0.88   10.50   -93.1
 0.3533  4.438   -0.74   10.77   -86.4
 0.3541  4.492   -0.82   10.61   -90.3
 0.3547  4.380   -0.66   10.94   -82.2
 0.3553  4.394   -0.68   10.89   -83.2
 0.3560  4.344   -0.60   11.04   -79.6
 0.3564  4.416   -0.71   10.83   -84.8
 0.3572  4.292   -0.53   11.19   -75.8
 0.3580  4.268   -0.49   11.26   -74.0
 0.3588  4.256   -0.48   11.30   -73.2
 0.3594  4.320   -0.57   11.11   -77.8
 0.3604  4.268   -0.49   11.26   -74.0
 0.3610  4.224   -0.43   11.39   -70.8
 0.3618  4.244   -0.46   11.33   -72.3
 0.3628  4.194   -0.38   11.48   -68.7
 0.3638  4.184   -0.37   11.51   -67.9
 0.3646  4.206   -0.40   11.45   -69.5
 0.3652  4.244   -0.46   11.33   -72.3
 0.3658  4.280   -0.51   11.23   -74.9
 0.3664  4.248   -0.46   11.32   -72.6
 0.3670  4.194   -0.38   11.48   -68.7
 0.3675  4.156   -0.33   11.59   -65.9
 0.3686  4.210   -0.41   11.43   -69.8
 0.3696  4.138   -0.30   11.65   -64.6
 0.3704  4.168   -0.35   11.56   -66.8
 0.3715  4.188   -0.38   11.50   -68.2
 0.3728  4.162   -0.34   11.57   -66.3
 0.3737  4.104   -0.25   11.74   -62.1
 0.3747  4.148   -0.32   11.62   -65.3
 0.3759  4.138   -0.30   11.65   -64.6
 0.3772  4.134   -0.30   11.66   -64.3
 0.3782  4.110   -0.26   11.73   -62.5
 0.3794  4.098   -0.24   11.76   -61.7
 0.3806  4.040   -0.16   11.93   -57.5
 0.3818  4.018   -0.13   12.00   -55.8
 0.3826  3.982   -0.07   12.10   -53.2
 0.3839  3.954   -0.03   12.19   -51.2
 0.3851  3.950   -0.03   12.20   -50.9
 0.3863  3.928    0.01   12.26   -49.3
 0.3873  3.840    0.13   12.52   -42.9
 0.3885  3.792    0.21   12.66   -39.4
 0.3896  3.784    0.22   12.68   -38.8
 0.3906  3.738    0.28   12.82   -35.5
 0.3918  3.676    0.38   13.00   -31.0
 0.3932  3.662    0.40   13.04   -30.0
 0.3945  3.618    0.46   13.17   -26.8
 0.3957  3.532    0.59   13.42   -20.5
 0.3967  3.516    0.61   13.47   -19.4
 0.3974  3.466    0.68   13.62   -15.7
 0.3982  3.422    0.75   13.75   -12.5
 0.3991  3.318    0.90   14.05    -4.9
 0.3997  3.284    0.95   14.15    -2.5
 0.4005  3.114    1.36   14.98     5.4
 0.4014  3.092    1.42   15.09     6.3
 0.4022  3.084    1.44   15.14     6.6
 0.4029  3.142    1.29   14.83     4.3
 0.4037  3.072    1.47   15.20     7.1
 0.4046  3.138    1.30   14.85     4.5
 0.4051  3.236    1.04   14.32     0.6
 0.4058  3.334    0.88   14.00    -6.1
 0.4065  3.318    0.90   14.05    -4.9
 0.4073  3.466    0.68   13.62   -15.7
 0.4081  3.506    0.62   13.50   -18.6
 0.4089  3.440    0.72   13.69   -13.8
 0.4095  3.474    0.67   13.59   -16.3
 0.4103  3.444    0.72   13.68   -14.1
 0.4109  3.388    0.80   13.85   -10.0
 0.4114  3.674    0.38   13.01   -30.8
 0.4120  3.654    0.41   13.06   -29.4
 0.4131  3.582    0.51   13.28   -24.1
 0.4139  3.910    0.03   12.31   -48.0
 0.4151  4.204   -0.40   11.45   -69.4
 0.4162  3.856    0.11   12.47   -44.1
 0.4174  3.982   -0.07   12.10   -53.2
 0.4182  4.284   -0.52   11.22   -75.2
 0.4189  4.228   -0.43   11.38   -71.1
 0.4194  3.974   -0.06   12.13   -52.7
 0.4204  4.062   -0.19   11.87   -59.0
 0.4212  4.012   -0.12   12.01   -55.4
 0.4220  3.846    0.13   12.50   -43.3
 0.4230  3.700    0.34   12.93   -32.7
 0.4242  3.966   -0.05   12.15   -52.1
 0.4250  4.212   -0.41   11.43   -70.0
 0.4260  4.418   -0.71   10.82   -84.9
 0.4268  4.550   -0.91   10.44   -94.6
 0.4278  4.716   -1.15    9.95  -106.6
 0.4288  4.674   -1.09   10.07  -103.6
 0.4296  4.624   -1.02   10.22   -99.9
 0.4304  4.730   -1.17    9.91  -107.6
 0.4312  4.744   -1.19    9.87  -108.7
 0.4321  4.784   -1.25    9.75  -111.6
 0.4331  4.892   -1.41    9.43  -119.4
 0.4341  4.916   -1.44    9.36  -121.2
 0.4349  4.860   -1.36    9.53  -117.1
 0.4361  4.824   -1.31    9.63  -114.5
 0.4372  4.882   -1.39    9.46  -118.7
 0.4380  4.818   -1.30    9.65  -114.0
 0.4390  4.758   -1.21    9.83  -109.7
 0.4401  4.716   -1.15    9.95  -106.6
 0.4413  4.746   -1.19    9.86  -108.8
 0.4421  4.678   -1.09   10.06  -103.8
 0.4431  4.586   -0.96   10.33   -97.2
 0.4440  4.658   -1.07   10.12  -102.4
 0.4451  4.680   -1.10   10.06  -104.0
 0.4459  4.626   -1.02   10.21  -100.1
 0.4471  4.534   -0.88   10.48   -93.4
 0.4485  4.650   -1.05   10.14  -101.8
 0.4498  4.640   -1.04   10.17  -101.1
 0.4509  4.534   -0.88   10.48   -93.4
 0.4521  4.444   -0.75   10.75   -86.8
 0.4530  4.376   -0.65   10.95   -81.9
 0.4536  4.336   -0.59   11.06   -79.0
 0.4544  4.342   -0.60   11.05   -79.4
 0.4554  4.294   -0.53   11.19   -75.9
 0.4566  4.302   -0.54   11.16   -76.5
 0.4577  4.428   -0.73   10.79   -85.7
 0.4589  4.420   -0.72   10.82   -85.1
 0.4600  4.372   -0.65   10.96   -81.6
 0.4613  4.406   -0.70   10.86   -84.1
 0.4621  4.468   -0.79   10.68   -88.6
 0.4630  4.446   -0.75   10.74   -87.0
 0.4638  4.332   -0.59   11.08   -78.7
 0.4649  4.334   -0.59   11.07   -78.8
 0.4657  4.360   -0.63   10.99   -80.7
 0.4666  4.266   -0.49   11.27   -73.9
 0.4675  4.302   -0.54   11.16   -76.5
 0.4687  4.396   -0.68   10.89   -83.3
 0.4695  4.504   -0.84   10.57   -91.2
 0.4703  4.482   -0.81   10.64   -89.6
 0.4711  4.436   -0.74   10.77   -86.3
 0.4721  4.342   -0.60   11.05   -79.4
 0.4729  4.178   -0.36   11.53   -67.5
 0.4738  3.898    0.05   12.35   -47.1
 0.4746  3.894    0.06   12.36   -46.8
 0.4758  3.946   -0.02   12.21   -50.6
 0.4769  3.884    0.07   12.39   -46.1
 0.4779  3.996   -0.09   12.06   -54.3
 0.4787  4.114   -0.27   11.72   -62.8
 0.4797  4.138   -0.30   11.65   -64.6
 0.4805  4.118   -0.27   11.70   -63.1
 0.4812  4.142   -0.31   11.63   -64.9
 0.4818  3.986   -0.08   12.09   -53.5
 0.4826  3.932    0.00   12.25   -49.6
 0.4834  3.826    0.16   12.56   -41.9
 0.4840  3.814    0.17   12.60   -41.0
 0.4844  3.848    0.12   12.50   -43.5
 0.4852  3.876    0.08   12.41   -45.5
 0.4860  3.764    0.25   12.74   -37.4
 0.4866  3.748    0.27   12.79   -36.2
 0.4876  3.666    0.39   13.03   -30.3
 0.4889  3.636    0.43   13.12   -28.1
 0.4899  3.596    0.49   13.23   -25.2
 0.4907  3.666    0.39   13.03   -30.3
 0.4917  3.714    0.32   12.89   -33.8
 0.4927  3.732    0.29   12.84   -35.0
 0.4936  3.670    0.38   13.02   -30.5
 0.4946  3.684    0.36   12.98   -31.6
 0.4957  3.806    0.18   12.62   -40.4
 0.4967  3.756    0.26   12.77   -36.8
 0.4977  3.806    0.18   12.62   -40.4
 0.4987  3.852    0.12   12.48   -43.8
 0.4997  3.874    0.08   12.42   -45.4
 0.5008  3.810    0.18   12.61   -40.7
 0.5020  3.850    0.12   12.49   -43.6
 0.5030  3.914    0.03   12.30   -48.3
 0.5040  4.052   -0.18   11.90   -58.3
 0.5048  4.030   -0.14   11.96   -56.7
 0.5058  4.032   -0.15   11.96   -56.9
 0.5066  4.042   -0.16   11.93   -57.6
 0.5078  4.058   -0.19   11.88   -58.8
 0.5088  3.938   -0.01   12.23   -50.0
 0.5100  4.014   -0.12   12.01   -55.6
 0.5110  4.064   -0.19   11.86   -59.2
 0.5126  4.052   -0.18   11.90   -58.3
 0.5136  4.050   -0.17   11.90   -58.2
 0.5148  4.160   -0.33   11.58   -66.2
 0.5158  4.192   -0.38   11.49   -68.5
 0.5172  4.186   -0.37   11.50   -68.1
 0.5182  4.158   -0.33   11.59   -66.0
 0.5196  4.118   -0.27   11.70   -63.1
 0.5210  4.024   -0.14   11.98   -56.3
 0.5226  3.928    0.01   12.26   -49.3
 0.5238  3.870    0.09   12.43   -45.1
 0.5252  3.928    0.01   12.26   -49.3
 0.5265  4.038   -0.16   11.94   -57.3
 0.5277  3.998   -0.10   12.06   -54.4
 0.5289  4.042   -0.16   11.93   -57.6
 0.5301  4.110   -0.26   11.73   -62.5
 0.5315  4.140   -0.31   11.64   -64.7
 0.5328  3.988   -0.08   12.09   -53.7
 0.5340  4.070   -0.20   11.84   -59.6
 0.5358  4.176   -0.36   11.53   -67.3
 0.5374  4.192   -0.38   11.49   -68.5
 0.5386  4.220   -0.42   11.40   -70.6
 0.5398  4.322   -0.57   11.11   -78.0
 0.5414  4.348   -0.61   11.03   -79.8
 0.5424  4.398   -0.68   10.88   -83.5
 0.5434  4.378   -0.65   10.94   -82.0
 0.5448  4.390   -0.67   10.91   -82.9
 0.5462  4.470   -0.79   10.67   -88.7
 0.5474  4.448   -0.76   10.74   -87.1
 0.5488  4.364   -0.63   10.98   -81.0
 0.5506  4.492   -0.82   10.61   -90.3
 0.5518  4.426   -0.72   10.80   -85.5
 0.5530  4.340   -0.60   11.05   -79.3
 0.5542  4.334   -0.59   11.07   -78.8
 0.5554  4.372   -0.65   10.96   -81.6
 0.5562  4.206   -0.40   11.45   -69.5
 0.5574  4.224   -0.43   11.39   -70.8
 0.5588  4.140   -0.31   11.64   -64.7
 0.5604  4.100   -0.25   11.76   -61.8
 0.5618  4.068   -0.20   11.85   -59.5
 0.5636  3.990   -0.09   12.08   -53.8
 0.5651  3.902    0.04   12.34   -47.4
 0.5663  3.920    0.02   12.28   -48.7
 0.5677  3.854    0.11   12.48   -43.9
 0.5689  3.776    0.23   12.71   -38.3
 0.5697  3.772    0.23   12.72   -38.0
 0.5705  3.780    0.22   12.70   -38.5
 0.5716  3.764    0.25   12.74   -37.4
 0.5723  3.756    0.26   12.77   -36.8
 0.5731  3.690    0.35   12.96   -32.0
 0.5741  3.674    0.38   13.01   -30.8
 0.5751  3.546    0.57   13.38   -21.5
 0.5760  3.442    0.72   13.69   -14.0
 0.5770  3.516    0.61   13.47   -19.4
 0.5780  3.558    0.55   13.35   -22.4
 0.5788  3.574    0.52   13.30   -23.6
 0.5795  3.698    0.34   12.94   -32.6
 0.5803  3.766    0.24   12.74   -37.5
 0.5811  3.780    0.22   12.70   -38.5
 0.5819  3.792    0.21   12.66   -39.4
 0.5828  3.814    0.17   12.60   -41.0
 0.5837  3.968   -0.05   12.14   -52.2
 0.5847  4.032   -0.15   11.96   -56.9
 0.5857  4.018   -0.13   12.00   -55.8
 0.5866  3.966   -0.05   12.15   -52.1
 0.5876  4.000   -0.10   12.05   -54.5
 0.5889  3.836    0.14   12.53   -42.6
 0.5899  3.774    0.23   12.71   -38.1
 0.5907  3.770    0.24   12.72   -37.8
 0.5917  3.768    0.24   12.73   -37.7
 0.5928  3.692    0.35   12.95   -32.2
 0.5937  3.694    0.35   12.95   -32.3
 0.5945  3.720    0.31   12.87   -34.2
 0.5953  3.672    0.38   13.01   -30.7
 0.5959  3.734    0.29   12.83   -35.2
 0.5960  3.758    0.25   12.76   -37.0
 0.5960  3.800    0.19   12.64   -40.0
 0.5961  3.744    0.28   12.80   -35.9
 0.5969  3.750    0.27   12.78   -36.4
 0.5979  3.616    0.46   13.18   -26.6
 0.5989  3.786    0.21   12.68   -39.0
 0.5999  3.776    0.23   12.71   -38.3
 0.6014  3.868    0.09   12.44   -45.0
 0.6024  3.800    0.19   12.64   -40.0
 0.6034  4.000   -0.10   12.05   -54.5
 0.6048  3.904    0.04   12.33   -47.6
 0.6064  3.866    0.10   12.44   -44.8
 0.6076  3.816    0.17   12.59   -41.2
 0.6090  3.780    0.22   12.70   -38.5
 0.6102  3.804    0.19   12.63   -40.3
 0.6110  3.748    0.27   12.79   -36.2
 0.6120  3.740    0.28   12.81   -35.6
 0.6131  3.684    0.36   12.98   -31.6
 0.6139  3.700    0.34   12.93   -32.7
 0.6148  3.556    0.55   13.35   -22.3
 0.6158  3.388    0.80   13.85   -10.0
 0.6168  3.314    0.91   14.06    -4.7
 0.6176  3.422    0.75   13.75   -12.5
 0.6184  3.484    0.66   13.56   -17.0
 0.6190  3.504    0.63   13.51   -18.5
 0.6199  3.750    0.27   12.78   -36.4
 0.6207  3.890    0.06   12.37   -46.5
 0.6214  3.976   -0.06   12.12   -52.8
 0.6222  4.118   -0.27   11.70   -63.1
 0.6232  4.180   -0.36   11.52   -67.6
 0.6244  4.330   -0.58   11.08   -78.6
 0.6254  4.542   -0.89   10.46   -94.0
 0.6264  4.530   -0.88   10.50   -93.1
 0.6272  4.606   -0.99   10.27   -98.6
 0.6282  4.754   -1.21    9.84  -109.4
 0.6290  4.644   -1.04   10.16  -101.4
 0.6298  4.654   -1.06   10.13  -102.1
 0.6306  4.798   -1.27    9.71  -112.6
 0.6320  4.796   -1.27    9.72  -112.4
 0.6332  4.836   -1.33    9.60  -115.3
 0.6342  4.978   -1.53    9.18  -125.7
 0.6354  4.878   -1.39    9.47  -118.4
 0.6370  4.796   -1.27    9.72  -112.4
 0.6380  4.806   -1.28    9.69  -113.2
 0.6390  4.762   -1.22    9.81  -110.0
 0.6402  4.636   -1.03   10.18  -100.8
 0.6414  4.680   -1.10   10.06  -104.0
 0.6423  4.676   -1.09   10.07  -103.7
 0.6435  4.542   -0.89   10.46   -94.0
 0.6449  4.494   -0.82   10.60   -90.5
 0.6461  4.580   -0.95   10.35   -96.7
 0.6471  4.476   -0.80   10.65   -89.2
 0.6486  4.490   -0.82   10.61   -90.2
 0.6500  4.516   -0.86   10.54   -92.1
 0.6516  4.530   -0.88   10.50   -93.1
 0.6534  4.422   -0.72   10.81   -85.2
 0.6550  4.490   -0.82   10.61   -90.2
 0.6566  4.456   -0.77   10.71   -87.7
 0.6580  4.448   -0.76   10.74   -87.1
 0.6588  4.434   -0.74   10.78   -86.1
 0.6599  4.502   -0.84   10.58   -91.1
 0.6613  4.406   -0.70   10.86   -84.1
 0.6621  4.400   -0.69   10.88   -83.6
 0.6634  4.452   -0.76   10.72   -87.4
 0.6649  4.436   -0.74   10.77   -86.3
 0.6660  4.324   -0.58   11.10   -78.1
 0.6668  4.390   -0.67   10.91   -82.9
 0.6682  4.336   -0.59   11.06   -79.0
 0.6691  4.218   -0.42   11.41   -70.4
 0.6700  4.202   -0.40   11.46   -69.2
 0.6710  4.182   -0.37   11.52   -67.8
 0.6722  4.274   -0.50   11.25   -74.5
 0.6730  4.238   -0.45   11.35   -71.8
 0.6740  4.222   -0.43   11.40   -70.7
 0.6748  4.206   -0.40   11.45   -69.5
 0.6755  4.350   -0.61   11.02   -80.0
 0.6764  4.124   -0.28   11.69   -63.6
 0.6774  4.206   -0.40   11.45   -69.5
 0.6783  4.274   -0.50   11.25   -74.5
 0.6793  4.162   -0.34   11.57   -66.3
 0.6805  4.084   -0.22   11.80   -60.7
 0.6815  4.040   -0.16   11.93   -57.5
 0.6823  3.940   -0.01   12.23   -50.2
 0.6833  3.776    0.23   12.71   -38.3
 0.6843  3.858    0.11   12.47   -44.2
 0.6850  3.700    0.34   12.93   -32.7
 0.6859  3.742    0.28   12.81   -35.8
 0.6869  3.630    0.44   13.14   -27.6
 0.6879  3.654    0.41   13.06   -29.4
 0.6891  3.552    0.56   13.36   -22.0
 0.6902  3.594    0.50   13.24   -25.0
 0.6914  3.526    0.60   13.44   -20.1
 0.6924  3.514    0.61   13.48   -19.2
 0.6936  3.518    0.61   13.46   -19.5
 0.6944  3.544    0.57   13.39   -21.4
 0.6956  3.526    0.60   13.44   -20.1
 0.6968  3.626    0.45   13.15   -27.4
 0.6982  3.682    0.37   12.98   -31.4
 0.6992  3.680    0.37   12.99   -31.3
 0.7008  3.700    0.34   12.93   -32.7
 0.7020  3.818    0.17   12.58   -41.3
 0.7030  3.742    0.28   12.81   -35.8
 0.7044  3.800    0.19   12.64   -40.0
 0.7058  3.962   -0.04   12.16   -51.8
 0.7074  4.060   -0.19   11.87   -58.9
 0.7092  4.100   -0.25   11.76   -61.8
 0.7108  4.228   -0.43   11.38   -71.1
 0.7122  4.410   -0.70   10.85   -84.4
 0.7136  4.322   -0.57   11.11   -78.0
 0.7144  4.324   -0.58   11.10   -78.1
 0.7151  4.354   -0.62   11.01   -80.3
 0.7165  4.430   -0.73   10.79   -85.8
 0.7175  4.336   -0.59   11.06   -79.0
 0.7191  4.430   -0.73   10.79   -85.8
 0.7206  4.448   -0.76   10.74   -87.1
 0.7221  4.402   -0.69   10.87   -83.8
 0.7231  4.254   -0.47   11.31   -73.0
 0.7245  4.264   -0.49   11.28   -73.8
 0.7255  4.238   -0.45   11.35   -71.8
 0.7268  4.140   -0.31   11.64   -64.7
 0.7281  4.090   -0.23   11.79   -61.1
 0.7295  4.168   -0.35   11.56   -66.8
 0.7309  4.040   -0.16   11.93   -57.5
 0.7321  3.998   -0.10   12.06   -54.4
 0.7333  3.988   -0.08   12.09   -53.7
 0.7344  4.024   -0.14   11.98   -56.3
 0.7358  3.984   -0.08   12.10   -53.4
 0.7370  4.068   -0.20   11.85   -59.5
 0.7384  4.076   -0.21   11.83   -60.1
 0.7398  4.146   -0.31   11.62   -65.2
 0.7414  4.130   -0.29   11.67   -64.0
 0.7425  4.144   -0.31   11.63   -65.0
 0.7435  4.160   -0.33   11.58   -66.2
 0.7449  4.236   -0.45   11.36   -71.7
 0.7459  4.212   -0.41   11.43   -70.0
 0.7474  4.292   -0.53   11.19   -75.8
 0.7488  4.312   -0.56   11.13   -77.2
 0.7508  4.362   -0.63   10.99   -80.9
 0.7522  4.412   -0.70   10.84   -84.5
 0.7536  4.462   -0.78   10.69   -88.2
 0.7546  4.408   -0.70   10.85   -84.2
 0.7556  4.430   -0.73   10.79   -85.8
 0.7562  4.474   -0.80   10.66   -89.0
 0.7569  4.438   -0.74   10.77   -86.4
 0.7579  4.456   -0.77   10.71   -87.7
 0.7587  4.456   -0.77   10.71   -87.7
 0.7595  4.382   -0.66   10.93   -82.3
 0.7602  4.306   -0.55   11.15   -76.8
 0.7612  4.208   -0.41   11.44   -69.7
 0.7620  4.148   -0.32   11.62   -65.3
 0.7630  4.156   -0.33   11.59   -65.9
 0.7640  4.192   -0.38   11.49   -68.5
 0.7651  4.158   -0.33   11.59   -66.0
 0.7661  4.184   -0.37   11.51   -67.9
 0.7669  4.160   -0.33   11.58   -66.2
 0.7676  4.124   -0.28   11.69   -63.6
 0.7688  4.078   -0.21   11.82   -60.2
 0.7702  4.030   -0.14   11.96   -56.7
 0.7716  4.010   -0.11   12.02   -55.3
 0.7732  3.942   -0.01   12.22   -50.3
 0.7750  3.830    0.15   12.55   -42.2
 0.7766  3.796    0.20   12.65   -39.7
 0.7778  3.722    0.31   12.87   -34.3
 0.7796  3.572    0.53   13.31   -23.4
 0.7812  3.550    0.56   13.37   -21.8
 0.7826  3.584    0.51   13.27   -24.3
 0.7842  3.698    0.34   12.94   -32.6
 0.7858  3.808    0.18   12.61   -40.6
 0.7866  3.918    0.02   12.29   -48.6
 0.7878  3.984   -0.08   12.10   -53.4
 0.7890  4.178   -0.36   11.53   -67.5
 0.7898  4.154   -0.33   11.60   -65.8
 0.7908  4.258   -0.48   11.29   -73.3
 0.7924  4.382   -0.66   10.93   -82.3
 0.7936  4.478   -0.80   10.65   -89.3
 0.7947  4.428   -0.73   10.79   -85.7
 0.7959  4.460   -0.77   10.70   -88.0
 0.7971  4.432   -0.73   10.78   -86.0
 0.7979  4.404   -0.69   10.86   -83.9
 0.7987  4.400   -0.69   10.88   -83.6
 0.8001  4.338   -0.60   11.06   -79.1
 0.8014  4.336   -0.59   11.06   -79.0
 0.8025  4.270   -0.50   11.26   -74.2
 0.8037  4.298   -0.54   11.18   -76.2
 0.8051  4.320   -0.57   11.11   -77.8
 0.8060  4.322   -0.57   11.11   -78.0
 0.8068  4.208   -0.41   11.44   -69.7
 0.8080  4.104   -0.25   11.74   -62.1
 0.8092  3.982   -0.07   12.10   -53.2
 0.8102  3.898    0.05   12.35   -47.1
 0.8118  3.864    0.10   12.45   -44.7
 0.8134  3.930    0.00   12.26   -49.5
 0.8148  3.944   -0.02   12.21   -50.5
 0.8164  3.988   -0.08   12.09   -53.7
 0.8184  3.888    0.06   12.38   -46.4
 0.8200  3.872    0.09   12.43   -45.2
 0.8216  3.838    0.14   12.53   -42.8
 0.8231  3.852    0.12   12.48   -43.8
 0.8247  3.812    0.18   12.60   -40.9
 0.8267  3.920    0.02   12.28   -48.7
 0.8283  3.892    0.06   12.37   -46.7
 0.8304  3.878    0.08   12.41   -45.7
 0.8325  3.878    0.08   12.41   -45.7
 0.8341  3.864    0.10   12.45   -44.7
 0.8357  3.774    0.23   12.71   -38.1
 0.8373  3.764    0.25   12.74   -37.4
 0.8390  3.710    0.33   12.90   -33.5
 0.8404  3.598    0.49   13.23   -25.3
 0.8420  3.568    0.53   13.32   -23.1
 0.8436  3.542    0.57   13.39   -21.2
 0.8452  3.514    0.61   13.48   -19.2
 0.8468  3.576    0.52   13.29   -23.7
 0.8486  3.648    0.42   13.08   -29.0
 0.8503  3.588    0.50   13.26   -24.6
 0.8519  3.624    0.45   13.15   -27.2
 0.8543  3.640    0.43   13.11   -28.4
 0.8561  3.438    0.72   13.70   -13.7
 0.8577  3.460    0.69   13.63   -15.3
 0.8596  3.628    0.45   13.14   -27.5
 0.8612  3.626    0.45   13.15   -27.4
 0.8623  3.762    0.25   12.75   -37.2
 0.8638  3.960   -0.04   12.17   -51.6
 0.8654  4.056   -0.18   11.89   -58.6
 0.8674  4.150   -0.32   11.61   -65.4
 0.8690  4.320   -0.57   11.11   -77.8
 0.8706  4.370   -0.64   10.96   -81.4
 0.8722  4.518   -0.86   10.53   -92.2
 0.8742  4.558   -0.92   10.41   -95.1
 0.8758  4.536   -0.89   10.48   -93.5
 0.8777  4.386   -0.67   10.92   -82.6
 0.8799  4.414   -0.71   10.84   -84.7
 0.8815  4.380   -0.66   10.94   -82.2
 0.8827  4.368   -0.64   10.97   -81.3
 0.8841  4.318   -0.57   11.12   -77.7
 0.8855  4.432   -0.73   10.78   -86.0
 0.8867  4.346   -0.61   11.03   -79.7
 0.8879  4.366   -0.64   10.98   -81.2
 0.8891  4.284   -0.52   11.22   -75.2
 0.8901  4.308   -0.55   11.15   -76.9
 0.8911  4.288   -0.52   11.21   -75.5
 0.8923  4.252   -0.47   11.31   -72.9
 0.8935  4.208   -0.41   11.44   -69.7
 0.8947  4.242   -0.45   11.34   -72.2
 0.8957  4.126   -0.28   11.68   -63.7
 0.8971  4.112   -0.26   11.72   -62.7
 0.8983  4.124   -0.28   11.69   -63.6
 0.8997  4.072   -0.21   11.84   -59.8
 0.9012  4.032   -0.15   11.96   -56.9
 0.9026  4.096   -0.24   11.77   -61.5
 0.9038  4.076   -0.21   11.83   -60.1
 0.9050  4.028   -0.14   11.97   -56.6
 0.9060  4.050   -0.17   11.90   -58.2
 0.9069  4.050   -0.17   11.90   -58.2
 0.9079  3.976   -0.06   12.12   -52.8
 0.9090  3.912    0.03   12.31   -48.2
 0.9096  3.960   -0.04   12.17   -51.6
 0.9104  3.948   -0.02   12.20   -50.8
 0.9110  4.014   -0.12   12.01   -55.6
 0.9119  4.072   -0.21   11.84   -59.8
 0.9127  4.210   -0.41   11.43   -69.8
 0.9137  4.286   -0.52   11.21   -75.3
 0.9145  4.324   -0.58   11.10   -78.1
 0.9158  4.152   -0.32   11.60   -65.6
 0.9171  4.190   -0.38   11.49   -68.4
 0.9189  4.150   -0.32   11.61   -65.4
 0.9205  4.020   -0.13   11.99   -56.0
 0.9221  3.980   -0.07   12.11   -53.1
 0.9239  4.104   -0.25   11.74   -62.1
 0.9255  4.040   -0.16   11.93   -57.5
 0.9265  3.998   -0.10   12.06   -54.4
 0.9280  3.978   -0.07   12.11   -53.0
 0.9296  3.928    0.01   12.26   -49.3
 0.9308  3.892    0.06   12.37   -46.7
 0.9324  3.816    0.17   12.59   -41.2
 0.9338  3.762    0.25   12.75   -37.2
 0.9347  3.754    0.26   12.77   -36.7
 0.9361  3.736    0.29   12.82   -35.3
 0.9374  3.700    0.34   12.93   -32.7
 0.9383  3.674    0.38   13.01   -30.8
 0.9399  3.616    0.46   13.18   -26.6
 0.9415  3.546    0.57   13.38   -21.5
 0.9425  3.514    0.61   13.48   -19.2
 0.9433  3.494    0.64   13.53   -17.8
 0.9445  3.486    0.65   13.56   -17.2
 0.9453  3.480    0.66   13.58   -16.7
 0.9465  3.428    0.74   13.73   -12.9
 0.9480  3.368    0.83   13.90    -8.6
 0.9496  3.352    0.85   13.95    -7.4
 0.9509  3.266    0.98   14.20    -1.2
 0.9523  3.228    1.06   14.37     0.9
 0.9535  3.230    1.05   14.36     0.8
 0.9544  3.334    0.88   14.00    -6.1
 0.9556  3.336    0.87   14.00    -6.3
 0.9570  3.558    0.55   13.35   -22.4
 0.9580  3.796    0.20   12.65   -39.7
 0.9592  4.006   -0.11   12.03   -55.0
 0.9608  4.090   -0.23   11.79   -61.1
 0.9620  4.282   -0.51   11.22   -75.1
 0.9632  4.240   -0.45   11.35   -72.0
 0.9646  4.164   -0.34   11.57   -66.5
 0.9658  4.144   -0.31   11.63   -65.0
 0.9671  4.118   -0.27   11.70   -63.1
 0.9685  4.010   -0.11   12.02   -55.3
 0.9697  4.018   -0.13   12.00   -55.8
 0.9711  3.966   -0.05   12.15   -52.1
 0.9727  3.830    0.15   12.55   -42.2
 0.9738  3.782    0.22   12.69   -38.7
 0.9751  3.768    0.24   12.73   -37.7
 0.9767  3.786    0.21   12.68   -39.0
 0.9779  3.818    0.17   12.58   -41.3
 0.9789  3.886    0.07   12.38   -46.3
 0.9805  3.906    0.04   12.33   -47.7
 0.9818  3.948   -0.02   12.20   -50.8
 0.9828  3.946   -0.02   12.21   -50.6
 0.9844  3.874    0.08   12.42   -45.4
 0.9858  3.900    0.05   12.34   -47.3
 0.9868  3.920    0.02   12.28   -48.7
 0.9878  3.966   -0.05   12.15   -52.1
 0.9892  3.906    0.04   12.33   -47.7
 0.9900  3.958   -0.04   12.17   -51.5
 0.9909  3.948   -0.02   12.20   -50.8
 0.9923  3.832    0.15   12.54   -42.3
 0.9937  3.770    0.24   12.72   -37.8
 0.9948  3.758    0.25   12.76   -37.0
 0.9964  3.780    0.22   12.70   -38.5
 0.9981  3.760    0.25   12.75   -37.1
 0.9996  3.778    0.23   12.70   -38.4