7          6.92        1.4
9          7.07        1.43
11         7.03        1.5
13         7.27        1.61
15         7.7         1.71
17         8.09        1.76
19         8.09        1.74
21         7.92        1.7
23         7.78        1.66
25         7.71        1.66
27         7.88        1.68
29         8.03        1.68
31         8.06        1.68
33         8.15        1.67
35         8.06        1.61
37         7.71        1.5
39         7.07        1.36
41         6.34        1.24
43         5.85        1.17
45         5.45        1.12
47         5.23        1.11
49         5.19        1.11
51         5.16        1.11
53         5.08        1.1
55         4.97        1.08
57         4.84        1.05
59         4.67        1.02
61         4.49        0.99
63         4.34        0.98
65         4.24        0.97
67         4.2         0.97
69         4.2         0.98
71         4.23        0.99
73         4.28        1
75         4.34        1.02
77         4.4         1.03
79         4.44        1.03
81         4.47        1.04
83         4.53        1.06
85         4.66        1.09
87         4.84        1.12
89         5.03        1.15
91         5.17        1.15
93         5.13        1.12
95         4.97        1.07
97         4.72        1.01
99         4.41        0.94
101        4.08        0.89
103        3.8         0.85
105        3.7         0.85
107        3.72        0.85
109        3.81        0.85
111        3.94        0.85
113        4.09        0.85
115        4.2         0.85
117        4.26        0.85
119        4.28        0.87
121        4.37        0.92
123        4.49        0.98
125        4.58        1.05
127        4.7         1.12
129        4.86        1.16
131        4.99        1.18
133        4.99        1.17
135        4.92        1.14
137        4.87        1.11
139        4.81        1.09
141        4.78        1.07
143        4.81        1.07
145        4.88        1.08
147        4.98        1.08
149        5.1         1.08
151        5.14        1.07
153        5.11        1.05
155        5.05        1.04
157        4.96        1.02
159        4.85        1.01
161        4.72        1.01
163        4.66        1.02
165        4.66        1.03
167        4.71        1.05
169        4.76        1.07
171        4.74        1.08
173        4.68        1.08
175        4.64        1.08
177        4.6         1.08
179        4.55        1.08
181        4.52        1.09
183        4.56        1.1
185        4.65        1.1
187        4.7         1.11
189        4.74        1.11
191        4.73        1.11
193        4.68        1.1
195        4.59        1.08
197        4.46        1.07
199        4.34        1.05
201        4.23        1.04
203        4.14        1.03
205        4.09        1.02
207        4.06        1.02
209        4.07        1.02
211        4.12        1.03
213        4.19        1.04
215        4.26        1.04
217        4.31        1.04
219        4.34        1.04
221        4.38        1.03
223        4.39        1.02
225        4.38        1.01
227        4.36        1.01
229        4.36        1
231        4.37        0.99
233        4.37        0.98
235        4.38        0.97
237        4.35        0.96
239        4.33        0.96
241        4.32        0.96
243        4.3         0.96
245        4.29        0.96
247        4.28        0.97
249        4.3         0.97
251        4.31        0.97
253        4.3         0.98
255        4.31        0.98
257        4.33        0.99
259        4.38        1
261        4.44        1.01
263        4.52        1.03
265        4.61        1.04
267        4.67        1.05
269        4.72        1.05
271        4.72        1.04
273        4.71        1.04
275        4.68        1.04
277        4.67        1.04
279        4.67        1.05
281        4.62        1.06
283        4.55        1.06
285        4.48        1.06
287        4.43        1.06
289        4.38        1.05
291        4.32        1.04
293        4.29        1.03
295        4.3         1.02
297        4.32        1.02
299        4.32        1.01
301        4.29        1.01
303        4.27        1.01
305        4.28        1.01
307        4.28        1.02
309        4.29        1.04
311        4.35        1.05
313        4.44        1.07
315        4.56        1.08
317        4.68        1.09
319        4.78        1.1
321        4.85        1.1
323        4.87        1.1
325        4.82        1.1
327        4.75        1.1
329        4.65        1.11
331        4.58        1.14
333        4.57        1.15
335        4.58        1.16
337        4.61        1.17
339        4.68        1.17
341        4.79        1.17
343        4.87        1.15
345        4.9         1.13
347        4.91        1.12
349        4.91        1.12
351        4.87        1.11
353        4.8         1.09
355        4.74        1.08
357        4.72        1.07
359        4.73        1.07
361        4.75        1.07
363        4.77        1.06
365        4.82        1.07
367        4.87        1.08
369        4.91        1.09
371        4.95        1.1
373        5.02        1.12
375        5.1         1.14
377        5.17        1.15
379        5.22        1.15
381        5.23        1.14
383        5.19        1.12
385        5.13        1.11
387        5.08        1.1
389        5.03        1.09
391        5           1.1
393        4.96        1.11
395        4.93        1.12
397        4.9         1.12
399        4.84        1.12
401        4.74        1.11
403        4.62        1.09
405        4.52        1.08
407        4.47        1.08
409        4.46        1.08
411        4.46        1.08
413        4.49        1.09
415        4.58        1.11
417        4.67        1.13
419        4.78        1.15
421        4.87        1.16
423        4.88        1.15
425        4.82        1.14
427        4.76        1.14
429        4.7         1.13
431        4.62        1.12
433        4.58        1.12
435        4.65        1.13
437        4.8         1.14
439        4.95        1.14
441        5.07        1.13
443        5.14        1.11
445        5.14        1.08
447        5.09        1.06
449        5.03        1.05
451        4.97        1.04
453        4.96        1.04
455        4.98        1.06
457        5.07        1.08
459        5.24        1.11
461        5.46        1.14
463        5.67        1.16
465        5.87        1.18
467        6.02        1.19
469        6.13        1.2
471        6.17        1.19
473        6.17        1.19
475        6.18        1.18
477        6.13        1.16
479        6.04        1.14
481        5.91        1.11
483        5.75        1.08
485        5.54        1.05
487        5.3         1.03
489        5.08        1.01
491        4.9         1.01
493        4.78        1.01
495        4.65        1
497        4.55        1
499        4.47        1.01
501        4.46        1.02
503        4.51        1.04
505        4.59        1.06
507        4.67        1.07
509        4.72        1.09
511        4.75        1.09
513        4.73        1.08
515        4.65        1.06
517        4.55        1.04
519        4.46        1.03
521        4.38        1.01
523        4.34        1.01
525        4.34        1.01
527        4.39        1.02
529        4.45        1.02
531        4.48        1.02
533        4.54        1.03
535        4.59        1.03
537        4.63        1.03
539        4.64        1.03
541        4.67        1.03
543        4.74        1.02
545        4.78        1
547        4.79        0.98
549        4.79        0.96
551        4.81        0.94
553        4.82        0.93
555        4.82        0.92
557        4.8         0.91
559        4.78        0.9
561        4.78        0.9
563        4.82        0.91
565        4.86        0.92
567        4.94        0.94
569        5.08        0.97
571        5.23        1
573        5.35        1.01
575        5.34        1.02
577        5.3         1.02
579        5.22        1.02
581        5.11        1
583        4.99        0.99
585        4.86        0.98
587        4.77        0.96
589        4.68        0.94
591        4.58        0.93
593        4.49        0.93
595        4.45        0.94
597        4.47        0.95
599        4.52        0.97
601        4.58        0.98
603        4.64        1
605        4.68        1
607        4.67        0.99
609        4.64        0.99
611        4.63        0.99
613        4.65        0.99
615        4.67        1
617        4.69        1.01
619        4.71        1.02
621        4.71        1.02
623        4.66        1.02
625        4.58        1.02
627        4.53        1.02
629        4.53        1.02
631        4.55        1.01
633        4.58        1.02
635        4.62        1.03
637        4.67        1.04
639        4.73        1.05
641        4.76        1.06
643        4.78        1.07
645        4.83        1.09
647        4.88        1.08
649        4.89        1.07
651        4.87        1.05
653        4.85        1.04
655        4.84        1.03
657        4.88        1.03
659        4.97        1.04
661        5.13        1.07
663        5.3         1.09
665        5.46        1.11
667        5.59        1.12
669        5.64        1.13
671        5.61        1.12
673        5.53        1.12
675        5.47        1.12
677        5.41        1.11
679        5.32        1.11
681        5.21        1.1
683        5.11        1.09
685        5           1.07
687        4.86        1.06
689        4.71        1.05
691        4.59        1.05
693        4.56        1.06
695        4.58        1.08
697        4.6         1.09
699        4.62        1.09
701        4.65        1.1
703        4.7         1.09
705        4.64        1.08
707        4.56        1.06
709        4.52        1.05
711        4.53        1.05
713        4.55        1.06
715        4.54        1.06
717        4.61        1.06
719        4.65        1.06
721        4.63        1.06
723        4.58        1.05
725        4.52        1.04
727        4.45        1.04
729        4.37        1.04
731        4.32        1.05
733        4.29        1.06
735        4.26        1.05
737        4.25        1.05
739        4.24        1.03
741        4.26        1.02
743        4.31        1.01
745        4.38        1
747        4.47        0.99
749        4.57        1.01
751        4.72        1.02
753        4.81        1.02
755        4.8         1.02
757        4.77        1.02
759        4.7         1.01
761        4.62        1
763        4.54        1
765        4.52        1
767        4.58        1.01
769        4.66        1.02
771        4.74        1.02
773        4.79        1.03
775        4.78        1.02
777        4.7         1.03
779        4.64        1.03
781        4.61        1.05
783        4.61        1.07
785        4.63        1.08
787        4.65        1.09
789        4.66        1.09
791        4.63        1.08
793        4.56        1.06
795        4.47        1.04
797        4.39        1.02
799        4.34        1.02
801        4.34        1.01
803        4.37        1.02
805        4.43        1.03
807        4.49        1.03
809        4.57        1.03
811        4.64        1.03
813        4.72        1.03
815        4.82        1.02
817        4.92        1.02
819        5           1.01
821        5.04        0.99
823        5.06        0.98
825        5.04        0.96
827        4.96        0.95
829        4.87        0.93
831        4.81        0.92
833        4.74        0.92
835        4.65        0.92
837        4.59        0.93
839        4.58        0.95
841        4.59        0.96
843        4.6         0.98
845        4.65        1
847        4.71        1.01
849        4.73        1.01
851        4.69        1
853        4.58        0.99
855        4.43        0.98
857        4.28        0.98
859        4.15        0.98
861        4.06        0.99
863        4.02        1
865        4.03        1.01
867        4.07        1.01
869        4.09        1.01
871        4.12        1
873        4.15        1
875        4.18        0.99
877        4.21        1
879        4.27        1.01
881        4.33        1.01
883        4.39        1.02
885        4.45        1.03
887        4.49        1.02
889        4.48        1.01
891        4.45        0.99
893        4.42        0.96
895        4.38        0.94
897        4.36        0.93
899        4.37        0.93
901        4.43        0.95
903        4.53        0.96
905        4.62        0.98
907        4.69        0.99
909        4.73        0.99
911        4.75        1
913        4.74        1
915        4.71        0.99
917        4.68        0.99
919        4.69        0.99
921        4.71        0.98
923        4.71        0.97
925        4.68        0.95
927        4.65        0.94
929        4.64        0.93
931        4.61        0.92
933        4.63        0.92
935        4.66        0.93
937        4.71        0.94
939        4.76        0.96
941        4.82        0.97
943        4.87        0.98
945        4.91        1
947        4.98        1.01
949        5.03        1.01
951        5.05        1.02
953        5.06        1.02
955        5.07        1.02
957        5.07        1.02
959        5.07        1.02
961        5.07        1.02
963        5.07        1.02
965        5.04        1
967        4.96        0.98
969        4.83        0.97
971        4.7         0.95
973        4.59        0.95
975        4.52        0.95
977        4.48        0.95
979        4.52        0.97
981        4.62        0.99
983        4.73        1
985        4.82        1.01
987        4.88        1
989        4.88        0.99
991        4.83        0.98
993        4.74        0.96
995        4.62        0.95
997        4.5         0.94
999        4.41        0.94
1001       4.39        0.95
1003       4.39        0.96
1005       4.4         0.97
1007       4.38        0.97
1009       4.35        0.96
1011       4.29        0.95
1013       4.21        0.93
1015       4.1         0.91
1017       4           0.89
1019       3.93        0.87
1021       3.91        0.87
1023       3.93        0.87
1025       4.07        0.89
1027       4.38        0.91
1029       4.68        0.94
1031       4.94        0.96
1033       5.16        0.98
1035       5.31        1
1037       5.29        0.99
1039       5.05        0.97
1041       4.81        0.95
1043       4.59        0.94
1045       4.39        0.92
1047       4.23        0.91
1049       4.13        0.9
1051       4.11        0.91
1053       4.16        0.93
1055       4.33        0.96
1057       4.6         1.01
1059       4.88        1.03
1061       5.06        1.04
1063       5.13        1.03
1065       5.12        1.01
1067       4.99        0.97
1069       4.73        0.92
1071       4.49        0.89
1073       4.34        0.86
1075       4.28        0.86
1077       4.27        0.86
1079       4.34        0.87
1081       4.44        0.89
1083       4.48        0.9
1085       4.51        0.92
1087       4.56        0.94
1089       4.58        0.95
1091       4.56        0.95
1093       4.53        0.95
1095       4.54        0.96
1097       4.55        0.95
1099       4.54        0.94
1101       4.53        0.93
1103       4.52        0.92
1105       4.52        0.92
1107       4.54        0.92
1109       4.59        0.93
1111       4.66        0.94
1113       4.72        0.95
1115       4.76        0.96
1117       4.8         0.97
1119       4.8         0.97
1121       4.77        0.97
1123       4.68        0.98
1125       4.61        0.98
1127       4.53        0.98
1129       4.42        0.98
1131       4.34        0.98
1133       4.31        0.98
1135       4.31        0.98
1137       4.32        0.97
1139       4.36        0.97
1141       4.44        0.97
1143       4.52        0.98
1145       4.65        0.99
1147       4.84        1
1149       5.04        1.02
1151       5.22        1.02
1153       5.29        1.02
1155       5.29        1
1157       5.19        0.99
1159       5.01        0.97
1161       4.81        0.95
1163       4.63        0.94
1165       4.52        0.94
1167       4.47        0.95
1169       4.45        0.95
1171       4.45        0.95
1173       4.48        0.96
1175       4.49        0.97
1177       4.51        0.97
1179       4.54        0.97
1181       4.54        0.97
1183       4.48        0.95
1185       4.4         0.94
1187       4.35        0.93
1189       4.31        0.92
1191       4.31        0.92
1193       4.37        0.93
1195       4.48        0.95
1197       4.63        0.97
1199       4.79        1
1201       4.93        1.02
1203       5.03        1.03
1205       5.07        1.04
1207       5.06        1.04
1209       5.03        1.03
1211       4.94        1.01
1213       4.81        0.99
1215       4.7         0.98
1217       4.63        0.97
1219       4.61        0.97
1221       4.63        0.97
1223       4.7         0.98
1225       4.81        0.99
1227       4.89        0.98
1229       4.93        0.98
1231       4.94        0.97
1233       4.93        0.96
1235       4.89        0.96
1237       4.83        0.96
1239       4.81        0.97
1241       4.8         0.99
1243       4.8         1
1245       4.81        1.02
1247       4.82        1.02
1249       4.82        1.02
1251       4.82        1.02
1253       4.84        1.01
1255       4.81        0.99
1257       4.71        0.96
1259       4.6         0.94
1261       4.5         0.93
1263       4.41        0.92
1265       4.35        0.92
1267       4.32        0.93
1269       4.32        0.94
1271       4.33        0.94
1273       4.33        0.95
1275       4.33        0.95
1277       4.35        0.96
1279       4.44        0.98
1281       4.59        1.01
1283       4.8         1.04
1285       5           1.07
1287       5.12        1.08
1289       5.17        1.08
1291       5.13        1.08
1293       5.03        1.06
1295       4.88        1.04
1297       4.76        1.03
1299       4.73        1.03
1301       4.72        1.02
1303       4.73        1.02
1305       4.77        1.02
1307       4.82        1.02
1309       4.86        1.01
1311       4.87        1
1313       4.84        0.99
1315       4.83        0.98
1317       4.83        0.98
1319       4.84        0.98
1321       4.84        0.99
1323       4.87        1.01
1325       4.94        1.03
1327       4.99        1.04
1329       5           1.04
1331       4.99        1.04
1333       4.97        1.02
1335       4.92        1
1337       4.87        0.98
1339       4.82        0.96
1341       4.79        0.95
1343       4.8         0.95
1345       4.88        0.96
1347       4.97        0.97
1349       5.07        0.99
1351       5.17        1.01
1353       5.27        1.03
1355       5.32        1.05
1357       5.33        1.06
1359       5.32        1.06
1361       5.3         1.07
1363       5.28        1.06
1365       5.27        1.06
1367       5.27        1.05
1369       5.27        1.05
1371       5.28        1.05
1373       5.31        1.05
1375       5.34        1.05
1377       5.37        1.06
1379       5.41        1.06
1381       5.44        1.05
1383       5.41        1.04
1385       5.34        1.02
1387       5.28        1.01
1389       5.22        1
1391       5.14        1
1393       5.12        1.01
1395       5.2         1.03
1397       5.29        1.04
1399       5.35        1.04
1401       5.33        1.02
1403       5.27        1
1405       5.17        0.97
1407       5.02        0.95
1409       4.87        0.94
1411       4.76        0.93
1413       4.73        0.95
1415       4.78        0.96
1417       4.84        0.97
1419       4.87        0.97
1421       4.91        0.97
1423       4.97        0.97
1425       5.04        0.97
1427       5.1         0.98
1429       5.13        0.98
1431       5.19        0.99
1433       5.23        0.99
1435       5.25        1
1437       5.25        1
1439       5.23        1.01
1441       5.21        1.01
1443       5.2         1.01
1445       5.21        1.01
1447       5.26        1.02
1449       5.27        1.01
1451       5.23        1
1453       5.15        0.99
1455       5.04        0.97
1457       4.91        0.96
1459       4.74        0.95
1461       4.6         0.95
1463       4.51        0.96
1465       4.48        0.97
1467       4.5         0.98
1469       4.54        0.98
1471       4.59        0.98
1473       4.63        0.99
1475       4.68        0.99
1477       4.71        0.99
1479       4.7         0.99
1481       4.71        0.99
1483       4.7         0.99
1485       4.68        0.99
1487       4.65        0.98
1489       4.63        0.97
1491       4.6         0.96
1493       4.55        0.95
1495       4.51        0.95
1497       4.5         0.95
1499       4.52        0.95
1501       4.53        0.95
1503       4.56        0.96
1505       4.61        0.96
1507       4.64        0.94
1509       4.62        0.93
1511       4.57        0.91
1513       4.51        0.9
1515       4.45        0.89
1517       4.38        0.89
1519       4.33        0.89
1521       4.33        0.9
1523       4.39        0.91
1525       4.47        0.92
1527       4.6         0.93
1529       4.76        0.95
1531       4.93        0.96
1533       5.08        0.97
1535       5.18        0.97
1537       5.26        0.98
1539       5.3         0.98
1541       5.33        0.98
1543       5.32        0.98
1545       5.31        0.97
1547       5.29        0.97
1549       5.25        0.96
1551       5.21        0.95
1553       5.11        0.94
1555       5           0.93
1557       4.92        0.93
1559       4.86        0.92
1561       4.84        0.92
1563       4.81        0.93
1565       4.88        0.94
1567       5.03        0.96
1569       5.2         0.97
1571       5.31        0.97
1573       5.39        0.98
1575       5.44        0.97
1577       5.41        0.96
1579       5.27        0.94
1581       5.03        0.92
1583       4.8         0.9
1585       4.55        0.89
1587       4.33        0.89
1589       4.15        0.88
1591       4.07        0.89
1593       4.06        0.89
1595       4.09        0.9
1597       4.18        0.9
1599       4.28        0.91
1601       4.37        0.92
1603       4.45        0.92
1605       4.54        0.93
1607       4.66        0.95
1609       4.83        0.96
1611       4.97        0.97
1613       5.08        0.97
1615       5.17        0.98
1617       5.25        0.98
1619       5.32        0.98
1621       5.33        0.98
1623       5.34        0.97
1625       5.3         0.96
1627       5.22        0.95
1629       5.12        0.94
1631       5           0.93
1633       4.86        0.92
1635       4.74        0.92
1637       4.68        0.93
1639       4.66        0.94
1641       4.63        0.94
1643       4.62        0.95
1645       4.62        0.97
1647       4.61        0.97
1649       4.59        0.98
1651       4.56        0.98
1653       4.55        0.99
1655       4.55        0.99
1657       4.57        1
1659       4.61        1
1661       4.65        1.01
1663       4.72        1.01
1665       4.77        1
1667       4.8         1
1669       4.8         0.99
1671       4.78        0.98
1673       4.76        0.98
1675       4.73        0.98
1677       4.72        0.98
1679       4.74        1
1681       4.78        1.01
1683       4.83        1.03
1685       4.87        1.04
1687       4.89        1.05
1689       4.89        1.04
1691       4.84        1.03
1693       4.73        1.01
1695       4.61        0.99
1697       4.48        0.97
1699       4.34        0.96
1701       4.23        0.95
1703       4.17        0.95
1705       4.15        0.96
1707       4.16        0.96
1709       4.22        0.97
1711       4.33        0.99
1713       4.45        1
1715       4.58        1.02
1717       4.7         1.03
1719       4.79        1.04
1721       4.83        1.05
1723       4.84        1.05
1725       4.82        1.05
1727       4.78        1.04
1729       4.75        1.04
1731       4.74        1.03
1733       4.75        1.03
1735       4.76        1.02
1737       4.77        1
1739       4.77        0.98
1741       4.76        0.96
1743       4.74        0.95
1745       4.7         0.93
1747       4.67        0.92
1749       4.64        0.92
1751       4.62        0.92
1753       4.59        0.92
1755       4.56        0.93
1757       4.54        0.94
1759       4.52        0.94
1761       4.5         0.94
1763       4.45        0.93
1765       4.42        0.93
1767       4.38        0.92
1769       4.34        0.9
1771       4.28        0.89
1773       4.23        0.88
1775       4.2         0.87
1777       4.17        0.87
1779       4.14        0.86
1781       4.12        0.85
1783       4.12        0.85
1785       4.14        0.86
1787       4.17        0.87
1789       4.21        0.88
1791       4.23        0.89
1793       4.25        0.9
1795       4.27        0.91
1797       4.28        0.92
1799       4.26        0.92
1801       4.25        0.92
1803       4.22        0.92
1805       4.18        0.92
1807       4.13        0.92
1809       4.05        0.91
1811       3.96        0.9
1813       3.87        0.9
1815       3.79        0.89
1817       3.72        0.88
1819       3.65        0.87
1821       3.6         0.86
1823       3.55        0.85
1825       3.49        0.83
1827       3.44        0.83
1829       3.41        0.82
1831       3.39        0.82
1833       3.39        0.83
1835       3.4         0.83
1837       3.43        0.83
1839       3.47        0.84
1841       3.51        0.85
1843       3.56        0.86
1845       3.63        0.87
1847       3.73        0.89
1849       3.84        0.9
1851       3.95        0.92
1853       4.06        0.93
1855       4.16        0.94
1857       4.24        0.95
1859       4.27        0.95
1861       4.24        0.95
1863       4.18        0.93
1865       4.1         0.91
1867       3.99        0.89
1869       3.85        0.86
1871       3.72        0.83
1873       3.62        0.81
1875       3.56        0.8
1877       3.53        0.79
1879       3.55        0.81
1881       3.64        0.83
1883       3.77        0.85
1885       3.92        0.88
1887       4.07        0.9
1889       4.22        0.92
1891       4.33        0.93
1893       4.41        0.94
1895       4.44        0.94
1897       4.47        0.95
1899       4.49        0.95
1901       4.52        0.94
1903       4.53        0.94
1905       4.54        0.93
1907       4.53        0.93
1909       4.51        0.92
1911       4.49        0.91
1913       4.46        0.9
1915       4.44        0.9
1917       4.44        0.89
1919       4.43        0.89
1921       4.44        0.89
1923       4.43        0.89
1925       4.42        0.88
1927       4.39        0.88
1929       4.37        0.88
1931       4.39        0.89
1933       4.42        0.89
1935       4.41        0.89
1937       4.41        0.9
1939       4.42        0.9
1941       4.45        0.91
1943       4.45        0.91
1945       4.46        0.92
1947       4.51        0.92
1949       4.54        0.91
1951       4.52        0.9
1953       4.46        0.89
1955       4.42        0.87
1957       4.37        0.86
1959       4.33        0.86
1961       4.31        0.87
1963       4.34        0.88
1965       4.38        0.89
1967       4.38        0.9
1969       4.39        0.91
1971       4.41        0.92
1973       4.43        0.94
1975       4.45        0.94
1977       4.48        0.95
1979       4.49        0.95
1981       4.49        0.96
1983       4.49        0.96
1985       4.48        0.96
1987       4.46        0.97
1989       4.44        0.97
1991       4.44        0.98
1993       4.42        0.98
1995       4.37        0.98
1997       4.32        0.97
1999       4.27        0.97
2001       4.22        0.96
2003       4.16        0.96
2005       4.14        0.95
2007       4.12        0.95
2009       4.1         0.94
2011       4.09        0.94
2013       4.09        0.94
2015       4.1         0.94
2017       4.11        0.95
2019       4.13        0.96
2021       4.15        0.97
2023       4.16        0.98
2025       4.17        0.99
2027       4.18        1
2029       4.19        1.01
2031       4.2         1.01
2033       4.22        1.02
2035       4.26        1.04
2037       4.29        1.05
2039       4.36        1.07
2041       4.45        1.09
2043       4.52        1.11
2045       4.56        1.12
2047       4.56        1.13
2049       4.55        1.13
2051       4.47        1.12
2053       4.37        1.11
2055       4.26        1.1
2057       4.18        1.08
2059       4.11        1.06
2061       4.03        1.04
2063       3.95        1.03
2065       3.9         1.02
2067       3.87        1.01
2069       3.87        1.01
2071       3.89        1.02
2073       3.93        1.02
2075       4           1.03
2077       4.04        1.03
2079       4.07        1.03
2081       4.09        1.03
2083       4.1         1.03
2085       4.11        1.02
2087       4.09        1.01
2089       4.08        1
2091       4.08        0.99
2093       4.08        0.98
2095       4.07        0.98
2097       4.06        0.97
2099       4.05        0.96
2101       4.05        0.96
2103       4.06        0.97
2105       4.1         0.97
2107       4.14        0.98
2109       4.2         0.99
2111       4.25        1
2113       4.27        1
2115       4.24        0.99
2117       4.16        0.98
2119       4.06        0.96
2121       3.94        0.94
2123       3.83        0.92
2125       3.72        0.9
2127       3.63        0.88
2129       3.57        0.87
2131       3.52        0.86
2133       3.48        0.85
2135       3.44        0.84
2137       3.41        0.84
2139       3.42        0.85
2141       3.44        0.87
2143       3.49        0.89
2145       3.56        0.92
2147       3.64        0.95
2149       3.73        0.98
2151       3.8         0.99
2153       3.85        1.01
2155       3.89        1.02
2157       3.9         1.02
2159       3.91        1.02
2161       3.89        1.02
2163       3.88        1.01
2165       3.88        1
2167       3.87        0.98
2169       3.87        0.96
2171       3.86        0.95
2173       3.86        0.93
2175       3.85        0.92
2177       3.84        0.92
2179       3.86        0.93
2181       3.93        0.96
2183       4.07        0.99
2185       4.23        1.02
2187       4.39        1.05
2189       4.54        1.07
2191       4.64        1.08
2193       4.67        1.07
2195       4.65        1.06
2197       4.61        1.05
2199       4.56        1.05
2201       4.52        1.05
2203       4.49        1.05
2205       4.46        1.05
2207       4.42        1.05
2209       4.39        1.05
2211       4.38        1.05
2213       4.37        1.06
2215       4.37        1.06
2217       4.36        1.05
2219       4.35        1.05
2221       4.33        1.04
2223       4.3         1.03
2225       4.27        1.03
2227       4.25        1.03
2229       4.26        1.03
2231       4.32        1.05
2233       4.44        1.07
2235       4.57        1.09
2237       4.71        1.12
2239       4.84        1.14
2241       4.97        1.15
2243       5.04        1.15
2245       5           1.13
2247       4.9         1.1
2249       4.79        1.07
2251       4.67        1.04
2253       4.55        1.01
2255       4.44        0.99
2257       4.36        0.98
2259       4.32        0.97
2261       4.29        0.96
2263       4.28        0.96
2265       4.27        0.96
2267       4.28        0.97
2269       4.3         0.98
2271       4.34        0.99
2273       4.38        1
2275       4.43        1.01
2277       4.48        1.02
2279       4.5         1.02
2281       4.5         1.02
2283       4.5         1.02
2285       4.5         1.01
2287       4.49        1
2289       4.47        0.99
2291       4.47        0.99
2293       4.48        0.99
2295       4.48        0.98
2297       4.48        0.98
2299       4.48        0.99
2301       4.49        0.99
2303       4.51        1
2305       4.55        1.02
2307       4.58        1.03
2309       4.62        1.05
2311       4.66        1.06
2313       4.68        1.07
2315       4.69        1.08
2317       4.68        1.08
2319       4.66        1.08
2321       4.61        1.07
2323       4.53        1.05
2325       4.44        1.02
2327       4.33        1
2329       4.21        0.97
2331       4.08        0.94
2333       3.96        0.92
2335       3.87        0.9
2337       3.8         0.89
2339       3.77        0.89
2341       3.77        0.9
2343       3.82        0.91
2345       3.93        0.93
2347       4.08        0.97
2349       4.27        1
2351       4.47        1.04
2353       4.67        1.07
2355       4.83        1.1
2357       4.94        1.12
2359       4.99        1.14
2361       4.97        1.14
2363       4.86        1.12
2365       4.69        1.09
2367       4.52        1.07
2369       4.34        1.03
2371       4.17        1
2373       4.02        0.98
2375       3.94        0.97
2377       3.88        0.96
2379       3.84        0.96
2381       3.81        0.96
2383       3.79        0.96
2385       3.79        0.96
2387       3.79        0.97
2389       3.8         0.97
2391       3.81        0.97
2393       3.82        0.98
2395       3.84        0.99
2397       3.89        1.01
2399       3.96        1.02
2401       4.02        1.03
2403       4.05        1.03
2405       4.07        1.04
2407       4.06        1.03
2409       4.03        1.01
2411       3.97        1
2413       3.93        0.99
2415       3.94        1
2417       3.97        1
2419       4.01        1
2421       4.06        1.01
2423       4.14        1.03
2425       4.26        1.05
2427       4.37        1.06
2429       4.45        1.08
2431       4.53        1.09
2433       4.59        1.1
2435       4.61        1.1
2437       4.6         1.1
2439       4.61        1.11
2441       4.68        1.13
2443       4.76        1.14
2445       4.86        1.14
2447       4.94        1.14
2449       4.99        1.12
2451       4.96        1.09
2453       4.87        1.06
2455       4.77        1.04
2457       4.65        1.01
2459       4.54        0.99
2461       4.46        0.98
2463       4.41        0.98
2465       4.38        0.98
2467       4.37        0.99
2469       4.4         1
2471       4.42        1.02
2473       4.43        1.04
2475       4.46        1.06
2477       4.51        1.09
2479       4.58        1.12
2481       4.66        1.15
2483       4.73        1.18
2485       4.8         1.19
2487       4.84        1.19
2489       4.83        1.18
2491       4.76        1.16
2493       4.64        1.14
2495       4.5         1.1
2497       4.34        1.08
2499       4.2         1.07
2501       4.07        1.06
2503       3.96        1.05
2505       3.89        1.05
2507       3.85        1.07
2509       3.85        1.08
2511       3.87        1.1
2513       3.91        1.12
2515       3.97        1.14
2517       4.02        1.15
2519       4.07        1.16
2521       4.1         1.16
2523       4.09        1.15
2525       4.05        1.14
2527       3.98        1.11
2529       3.89        1.09
2531       3.79        1.05
2533       3.69        1.02
2535       3.62        1
2537       3.57        0.99
2539       3.54        0.98
2541       3.53        0.97
2543       3.55        0.97
2545       3.58        0.98
2547       3.63        0.99
2549       3.68        1
2551       3.73        1.01
2553       3.8         1.02
2555       3.85        1.04
2557       3.91        1.06
2559       3.96        1.08
2561       4.03        1.11
2563       4.08        1.13
2565       4.13        1.15
2567       4.17        1.16
2569       4.2         1.16
2571       4.17        1.16
2573       4.12        1.14
2575       4.06        1.12
2577       3.99        1.1
2579       3.92        1.09
2581       3.88        1.08
2583       3.89        1.09
2585       3.93        1.1
2587       3.98        1.1
2589       4.01        1.1
2591       4.02        1.11
2593       4.05        1.11
2595       4.08        1.11
2597       4.09        1.11
2599       4.09        1.12
2601       4.12        1.12
2603       4.13        1.11
2605       4.12        1.09
2607       4.07        1.06
2609       3.98        1.02
2611       3.87        0.97
2613       3.75        0.93
2615       3.64        0.9
2617       3.54        0.88
2619       3.46        0.86
2621       3.42        0.86
2623       3.42        0.86
2625       3.45        0.87
2627       3.5         0.89
2629       3.57        0.92
2631       3.67        0.95
2633       3.78        0.99
2635       3.89        1.02
2637       4           1.04
2639       4.11        1.06
2641       4.18        1.07
2643       4.18        1.05
2645       4.12        1.03
2647       4.03        0.99
2649       3.9         0.95
2651       3.75        0.92
2653       3.63        0.89
2655       3.55        0.87
2657       3.48        0.85
2659       3.43        0.84
2661       3.39        0.83
2663       3.35        0.83
2665       3.3         0.83
2667       3.25        0.82
2669       3.22        0.82
2671       3.18        0.82
2673       3.13        0.82
2675       3.1         0.82
2677       3.08        0.83
2679       3.09        0.86
2681       3.12        0.89
2683       3.2         0.92
2685       3.28        0.94
2687       3.37        0.97
2689       3.44        0.98
2691       3.48        0.99
2693       3.5         0.99
2695       3.49        0.98
2697       3.45        0.97
2699       3.4         0.97
2701       3.37        0.97
2703       3.36        0.97
2705       3.38        0.98
2707       3.44        1
2709       3.53        1.03
2711       3.65        1.07
2713       3.76        1.1
2715       3.86        1.13
2717       3.93        1.16
2719       3.97        1.16
2721       3.97        1.16
2723       3.96        1.15
2725       3.91        1.12
2727       3.87        1.1
2729       3.83        1.08
2731       3.82        1.06
2733       3.8         1.03
2735       3.78        1.01
2737       3.76        1
2739       3.75        0.98
2741       3.72        0.96
2743       3.66        0.94
2745       3.6         0.93
2747       3.56        0.91
2749       3.52        0.91
2751       3.49        0.9
2753       3.47        0.9
2755       3.48        0.91
2757       3.51        0.92
2759       3.54        0.93
2761       3.56        0.93
2763       3.58        0.94
2765       3.63        0.95
2767       3.69        0.96
2769       3.75        0.97
2771       3.79        0.97
2773       3.81        0.97
2775       3.79        0.96
2777       3.75        0.96
2779       3.71        0.96
2781       3.68        0.97
2783       3.7         0.98
2785       3.76        1
2787       3.85        1.01
2789       3.94        1.02
2791       4           1.03
2793       4.06        1.03
2795       4.11        1.04
2797       4.18        1.06
2799       4.28        1.07
2801       4.37        1.09
2803       4.43        1.08
2805       4.4         1.06
2807       4.32        1.04
2809       4.2         1.01
2811       4.05        0.97
2813       3.89        0.94
2815       3.77        0.93
2817       3.73        0.92
2819       3.71        0.91
2821       3.69        0.9
2823       3.64        0.89
2825       3.59        0.88
2827       3.54        0.87
2829       3.47        0.85
2831       3.41        0.85
2833       3.37        0.85
2835       3.36        0.85
2837       3.38        0.86
2839       3.41        0.88
2841       3.46        0.89
2843       3.47        0.91
2845       3.49        0.93
2847       3.51        0.94
2849       3.51        0.95
2851       3.49        0.95
2853       3.44        0.94
2855       3.4         0.93
2857       3.33        0.91
2859       3.25        0.89
2861       3.17        0.87
2863       3.1         0.86
2865       3.05        0.86
2867       3.02        0.87
2869       3.03        0.89
2871       3.05        0.91
2873       3.1         0.93
2875       3.15        0.95
2877       3.21        0.97
2879       3.25        0.98
2881       3.28        0.98
2883       3.3         0.98
2885       3.31        0.98
2887       3.31        0.97
2889       3.31        0.96
2891       3.3         0.96
2893       3.29        0.95
2895       3.27        0.94
2897       3.24        0.94
2899       3.2         0.94
2901       3.19        0.96
2903       3.2         0.97
2905       3.23        0.99
2907       3.27        1.01
2909       3.32        1.02
2911       3.37        1.03
2913       3.39        1.04
2915       3.41        1.05
2917       3.43        1.05
2919       3.45        1.05
2921       3.48        1.05
2923       3.51        1.05
2925       3.55        1.04
2927       3.58        1.03
2929       3.56        1.01
2931       3.51        0.98
2933       3.44        0.95
2935       3.35        0.92
2937       3.25        0.89
2939       3.17        0.87
2941       3.13        0.85
2943       3.11        0.84
2945       3.1         0.84
2947       3.12        0.84
2949       3.16        0.85
2951       3.19        0.86
2953       3.22        0.88
2955       3.26        0.89
2957       3.3         0.91
2959       3.31        0.92
2961       3.31        0.94
2963       3.32        0.96
2965       3.35        0.98
2967       3.38        1.01
2969       3.42        1.05
2971       3.49        1.08
2973       3.58        1.1
2975       3.65        1.11
2977       3.68        1.1
2979       3.68        1.08
2981       3.64        1.05
2983       3.58        1.01
2985       3.5         0.98
2987       3.43        0.96
2989       3.39        0.95
2991       3.37        0.95
2993       3.38        0.96
2995       3.42        0.98
2997       3.47        0.99
2999       3.51        1.01
3001       3.55        1.03
3003       3.58        1.04
3005       3.6         1.05
3007       3.63        1.07
3009       3.65        1.09
3011       3.7         1.12
3013       3.79        1.14
3015       3.83        1.15
3017       3.83        1.15
3019       3.78        1.13
3021       3.71        1.11
3023       3.59        1.07
3025       3.42        1.04
3027       3.28        1.02
3029       3.16        1
3031       3.05        0.98
3033       2.94        0.95
3035       2.83        0.93
3037       2.76        0.91
3039       2.7         0.9
3041       2.66        0.89
3043       2.66        0.9
3045       2.66        0.9
3047       2.67        0.9
3049       2.67        0.9
3051       2.66        0.9
3053       2.66        0.9
3055       2.65        0.9
3057       2.64        0.91
3059       2.64        0.92
3061       2.64        0.92
3063       2.65        0.93
3065       2.65        0.93
3067       2.65        0.92
3069       2.64        0.91
3071       2.62        0.9
3073       2.59        0.89
3075       2.56        0.88
3077       2.53        0.87
3079       2.53        0.88
3081       2.56        0.89
3083       2.6         0.91
3085       2.63        0.92
3087       2.67        0.92
3089       2.7         0.93
3091       2.7         0.92
3093       2.67        0.9
3095       2.64        0.89
3097       2.6         0.87
3099       2.57        0.86
3101       2.54        0.85
3103       2.52        0.85
3105       2.53        0.85
3107       2.55        0.86
3109       2.58        0.88
3111       2.62        0.89
3113       2.67        0.91
3115       2.72        0.93
3117       2.77        0.95
3119       2.82        0.96
3121       2.87        0.97
3123       2.91        0.98
3125       2.95        0.98
3127       3           0.99
3129       3.04        0.99
3131       3.06        0.98
3133       3.06        0.98
3135       3.04        0.97
3137       3.01        0.96
3139       2.97        0.94
3141       2.92        0.93
3143       2.89        0.92
3145       2.86        0.91
3147       2.84        0.9
3149       2.83        0.89
3151       2.82        0.88
3153       2.81        0.87
3155       2.8         0.88
3157       2.81        0.88
3159       2.82        0.88
3161       2.83        0.88
3163       2.84        0.88
3165       2.84        0.89
3167       2.86        0.9
3169       2.88        0.91
3171       2.9         0.92
3173       2.93        0.92
3175       2.96        0.93
3177       2.98        0.93
3179       2.98        0.92
3181       2.95        0.92
3183       2.92        0.91
3185       2.88        0.91
3187       2.86        0.9
3189       2.84        0.9
3191       2.84        0.9
3193       2.85        0.9
3195       2.86        0.89
3197       2.85        0.88
3199       2.84        0.87
3201       2.84        0.86
3203       2.82        0.85
3205       2.79        0.84
3207       2.78        0.84
3209       2.76        0.83
3211       2.75        0.83
3213       2.73        0.83
3215       2.72        0.84
3217       2.72        0.84
3219       2.73        0.85
3221       2.75        0.86
3223       2.76        0.86
3225       2.75        0.86
3227       2.73        0.86
3229       2.71        0.85
3231       2.69        0.85
3233       2.67        0.84
3235       2.65        0.84
3237       2.63        0.84
3239       2.61        0.83
3241       2.59        0.83
3243       2.58        0.84
3245       2.57        0.85
3247       2.59        0.87
3249       2.63        0.89
3251       2.69        0.91
3253       2.75        0.93
3255       2.81        0.94
3257       2.83        0.94
3259       2.83        0.93
3261       2.8         0.92
3263       2.78        0.92
3265       2.76        0.92
3267       2.73        0.93
3269       2.73        0.95
3271       2.74        0.96
3273       2.78        0.98
3275       2.82        1
3277       2.87        1.03
3279       2.94        1.06
3281       3.02        1.08
3283       3.1         1.11
3285       3.18        1.13
3287       3.26        1.15
3289       3.32        1.17
3291       3.36        1.17
3293       3.36        1.17
3295       3.34        1.15
3297       3.3         1.13
3299       3.23        1.1
3301       3.15        1.06
3303       3.06        1.03
3305       2.97        0.99
3307       2.89        0.96
3309       2.81        0.93
3311       2.72        0.9
3313       2.65        0.88
3315       2.6         0.86
3317       2.57        0.86
3319       2.57        0.86
3321       2.58        0.86
3323       2.62        0.87
3325       2.67        0.88
3327       2.73        0.89
3329       2.79        0.9
3331       2.83        0.91
3333       2.87        0.92
3335       2.91        0.93
3337       2.93        0.93
3339       2.94        0.94
3341       2.94        0.94
3343       2.94        0.94
3345       2.93        0.94
3347       2.93        0.94
3349       2.94        0.95
3351       2.97        0.96
3353       3.02        0.98
3355       3.06        0.99
3357       3.1         1
3359       3.13        1.01
3361       3.14        1.01
3363       3.12        1
3365       3.09        0.98
3367       3.04        0.95
3369       2.98        0.93
3371       2.93        0.91
3373       2.88        0.89
3375       2.83        0.87
3377       2.79        0.85
3379       2.77        0.85
3381       2.75        0.84
3383       2.73        0.83
3385       2.73        0.83
3387       2.72        0.83
3389       2.73        0.83
3391       2.74        0.83
3393       2.76        0.83
3395       2.76        0.83
3397       2.76        0.82
3399       2.74        0.81
3401       2.71        0.8
3403       2.66        0.79
3405       2.61        0.78
3407       2.58        0.78
3409       2.55        0.77
3411       2.54        0.77
3413       2.54        0.78
3415       2.55        0.78
3417       2.55        0.78
3419       2.54        0.77
3421       2.54        0.77
3423       2.53        0.78
3425       2.52        0.78
3427       2.53        0.79
3429       2.54        0.81
3431       2.58        0.84
3433       2.64        0.87
3435       2.71        0.9
3437       2.8         0.93
3439       2.87        0.95
3441       2.94        0.97
3443       2.99        0.98
3445       3.03        0.99
3447       3.06        1
3449       3.08        1
3451       3.1         1.01
3453       3.13        1.02
3455       3.15        1.04
3457       3.19        1.06
3459       3.24        1.1
3461       3.3         1.12
3463       3.36        1.15
3465       3.4         1.16
3467       3.41        1.16
3469       3.38        1.15
3471       3.32        1.12
3473       3.25        1.09
3475       3.17        1.07
3477       3.11        1.06
3479       3.06        1.04
3481       3.03        1.04
3483       3           1.04
3485       2.96        1.03
3487       2.92        1.02
3489       2.89        1.01
3491       2.87        1
3493       2.83        1
3495       2.8         0.99
3497       2.77        0.97
3499       2.73        0.96
3501       2.68        0.94
3503       2.63        0.93
3505       2.59        0.92
3507       2.57        0.91
3509       2.57        0.92
3511       2.6         0.93
3513       2.64        0.94
3515       2.69        0.95
3517       2.73        0.96
3519       2.77        0.98
3521       2.82        0.99
3523       2.89        1
3525       2.95        1.02
3527       3.01        1.02
3529       3.04        1.01
3531       3.03        0.97
3533       2.96        0.93
3535       2.86        0.9
3537       2.75        0.87
3539       2.67        0.85
3541       2.63        0.86
3543       2.64        0.88
3545       2.7         0.9
3547       2.76        0.92
3549       2.82        0.93
3551       2.86        0.94
3553       2.88        0.94
3555       2.88        0.95
3557       2.86        0.95
3559       2.85        0.97
3561       2.84        0.99
3563       2.83        1.01
3565       2.81        1.03
3567       2.8         1.03
3569       2.78        1.02
3571       2.76        1.01
3573       2.74        0.99
3575       2.74        0.97
3577       2.73        0.95
3579       2.72        0.96
3581       2.73        0.96
3583       2.74        0.96
3585       2.74        0.96
3587       2.74        0.95
3589       2.72        0.93
3591       2.68        0.91
3593       2.62        0.88
3595       2.55        0.86
3597       2.48        0.83
3599       2.41        0.82
3601       2.35        0.8
3603       2.32        0.8
3605       2.31        0.79
3607       2.31        0.79
3609       2.32        0.8
3611       2.37        0.81
3613       2.43        0.84
3615       2.51        0.86
3617       2.6         0.89
3619       2.69        0.92
3621       2.78        0.95
3623       2.85        0.99
3625       2.91        1.02
3627       2.96        1.04
3629       2.97        1.05
3631       2.96        1.05
3633       2.92        1.05
3635       2.87        1.03
3637       2.8         1.01
3639       2.73        0.98
3641       2.67        0.96
3643       2.63        0.94
3645       2.6         0.91
3647       2.59        0.9
3649       2.59        0.9
3651       2.59        0.9
3653       2.61        0.9
3655       2.63        0.9
3657       2.64        0.9
3659       2.65        0.91
3661       2.67        0.93
3663       2.7         0.95
3665       2.73        0.97
3667       2.75        1
3669       2.77        1.04
3671       2.77        1.03
3673       2.77        1.02
3675       2.74        1.01
3677       2.71        0.99
3679       2.68        0.98
3681       2.67        0.95
3683       2.67        0.97
3685       2.66        0.97
3687       2.65        0.99
3689       2.66        1
3691       2.67        1.01
3693       2.66        1.02
3695       2.66        1.02
3697       2.66        1.03
3699       2.66        1.04
3701       2.65        1.04
3703       2.63        1.03
3705       2.61        1.03
3707       2.59        1.03
3709       2.57        1.03
3711       2.57        1.02
3713       2.62        1.02
3715       2.67        1.01
3717       2.73        1.01
3719       2.8         1.01
3721       2.86        1
3723       2.92        0.99
3725       2.93        0.98
3727       2.93        0.97
3729       2.93        0.96
3731       2.92        0.94
3733       2.92        0.94
3735       2.92        0.93
3737       2.92        0.94
3739       2.94        0.94
3741       2.95        0.95
3743       2.96        0.96
3745       2.96        0.97
3747       2.93        0.98
3749       2.89        1
3751       2.86        1.02
3753       2.82        1.03
3755       2.78        1.03
3757       2.73        1.03
3759       2.68        1.02
3761       2.65        1
3763       2.62        0.98
3765       2.59        0.96
3767       2.58        0.95
3769       2.58        0.93
3771       2.58        0.91
3773       2.57        0.88
3775       2.55        0.89
3777       2.53        0.87
3779       2.5         0.86
3781       2.48        0.85
3783       2.47        0.85
3785       2.47        0.86
3787       2.47        0.84
3789       2.49        0.86
3791       2.52        0.87
3793       2.55        0.88
3795       2.57        0.88
3797       2.6         0.89
3799       2.64        0.9
3801       2.66        0.9
3803       2.68        0.9
3805       2.69        0.9
3807       2.69        0.89
3809       2.69        0.89
3811       2.69        0.88
3813       2.68        0.88
3815       2.68        0.89
3817       2.68        0.89
3819       2.68        0.9
3821       2.71        0.92
3823       2.75        0.94
3825       2.8         0.96
3827       2.85        1
3829       2.89        1.01
3831       2.93        1.02
3833       2.95        1.02
3835       2.94        1.02
3837       2.92        1.01
3839       2.89        0.98
3841       2.86        0.97
3843       2.83        0.96
3845       2.8         0.95
3847       2.77        0.94
3849       2.76        0.94
3851       2.76        0.94
3853       2.76        0.94
3855       2.77        0.94
3857       2.8         0.94
3859       2.8         0.93
3861       2.79        0.91
3863       2.78        0.9
3865       2.77        0.9
3867       2.76        0.91
3869       2.75        0.93
3871       2.76        0.96
3873       2.77        0.98
3875       2.76        1
3877       2.76        0.99
3879       2.74        0.97
3881       2.7         0.93
3883       2.65        0.9
3885       2.6         0.86
3887       2.55        0.83
3889       2.5         0.81
3891       2.45        0.8
3893       2.42        0.8
3895       2.41        0.8
3897       2.4         0.8
3899       2.42        0.81
3901       2.43        0.82
3903       2.45        0.84
3905       2.49        0.86
3907       2.54        0.89
3909       2.61        0.93
3911       2.69        0.96
3913       2.77        1
3915       2.84        1.03
3917       2.89        1.05
3919       2.92        1.06
3921       2.92        1.06
3923       2.89        1.06
3925       2.85        1.05
3927       2.81        1.03
3929       2.76        1.01
3931       2.72        0.98
3933       2.67        0.96
3935       2.64        0.94
3937       2.62        0.91
3939       2.6         0.9
3941       2.58        0.88
3943       2.54        0.86
3945       2.51        0.85
3947       2.47        0.83
3949       2.44        0.82
3951       2.4         0.81
3953       2.39        0.81
3955       2.39        0.8
3957       2.38        0.8
3959       2.38        0.79
3961       2.37        0.78
3963       2.36        0.77
3965       2.34        0.76
3967       2.33        0.76
3969       2.32        0.75
3971       2.31        0.75
3973       2.31        0.75
3975       2.3         0.75
3977       2.3         0.75
3979       2.31        0.76
3981       2.32        0.77
3983       2.33        0.79
3985       2.36        0.81
3987       2.4         0.84
3989       2.47        0.89
3991       2.57        0.94
3993       2.69        0.99
3995       2.8         1.03
3997       2.89        1.07
3999       2.97        1.1
4001       3.02        1.14
4003       3.03        1.14
4005       3           1.11
4007       2.97        1.08
4009       2.97        1.06
4011       2.96        1.02
4013       2.95        0.98
4015       2.94        0.97
4017       2.93        0.97
4019       2.93        0.98
4021       2.92        0.97
4023       2.9         0.97
4025       2.85        0.96
4027       2.8         0.95
4029       2.75        0.93
4031       2.7         0.91
4033       2.67        0.9
4035       2.65        0.89
4037       2.67        0.88
4039       2.7         0.89
4041       2.76        0.91
4043       2.82        0.92
4045       2.87        0.94
4047       2.92        0.95
4049       2.96        0.96
4051       3           0.97
4053       3.02        0.97
4055       3.04        0.98
4057       3.05        0.98
4059       3.05        0.98
4061       3.04        0.98
4063       3           0.97
4065       2.96        0.97
4067       2.93        0.96
4069       2.89        0.96
4071       2.85        0.96
4073       2.83        0.96
4075       2.81        0.96
4077       2.78        0.96
4079       2.76        0.95
4081       2.74        0.95
4083       2.73        0.94
4085       2.71        0.94
4087       2.71        0.94
4089       2.73        0.95
4091       2.75        0.96
4093       2.79        0.97
4095       2.83        0.98
4097       2.84        0.98
4099       2.84        0.97
4101       2.82        0.96
4103       2.78        0.94
4105       2.73        0.92
4107       2.68        0.91
4109       2.64        0.9
4111       2.63        0.9
4113       2.63        0.9
4115       2.62        0.9
4117       2.61        0.89
4119       2.61        0.89
4121       2.6         0.89
4123       2.6         0.89
4125       2.59        0.88
4127       2.57        0.88
4129       2.56        0.87
4131       2.55        0.87
4133       2.54        0.87
4135       2.52        0.87
4137       2.52        0.88
4139       2.53        0.88
4141       2.55        0.89
4143       2.56        0.89
4145       2.57        0.89
4147       2.58        0.9
4149       2.59        0.89
4151       2.57        0.88
4153       2.54        0.87
4155       2.51        0.87
4157       2.49        0.86
4159       2.48        0.85
4161       2.48        0.85
4163       2.49        0.85
4165       2.52        0.85
4167       2.53        0.85
4169       2.53        0.84
4171       2.52        0.83
4173       2.5         0.82
4175       2.49        0.83
4177       2.49        0.83
4179       2.5         0.84
4181       2.52        0.86
4183       2.54        0.87
4185       2.57        0.88
4187       2.59        0.89
4189       2.61        0.89
4191       2.63        0.9
4193       2.66        0.91
4195       2.71        0.92
4197       2.77        0.95
4199       2.86        0.98
4201       2.99        1.02
4203       3.12        1.05
4205       3.24        1.07
4207       3.34        1.1
4209       3.43        1.1
4211       3.49        1.1
4213       3.5         1.1
4215       3.51        1.09
4217       3.51        1.09
4219       3.51        1.09
4221       3.51        1.09
4223       3.5         1.09
4225       3.5         1.1
4227       3.5         1.1
4229       3.49        1.1
4231       3.47        1.09
4233       3.43        1.08
4235       3.39        1.07
4237       3.34        1.05
4239       3.3         1.04
4241       3.27        1.03
4243       3.23        1.02
4245       3.21        1.02
4247       3.18        1.02
4249       3.17        1
4251       3.12        0.98
4253       3.06        0.96
4255       3.01        0.94
4257       2.97        0.91
4259       2.93        0.9
4261       2.88        0.89
4263       2.86        0.87
4265       2.81        0.86
4267       2.76        0.84
4269       2.7         0.82
4271       2.65        0.81
4273       2.64        0.81
4275       2.66        0.82
4277       2.75        0.85
4279       2.87        0.88
4281       3.01        0.9
4283       3.14        0.92
4285       3.23        0.93
4287       3.28        0.92
4289       3.26        0.9
4291       3.21        0.88
4293       3.13        0.85
4295       3.05        0.83
4297       2.99        0.82
4299       2.93        0.8
4301       2.88        0.79
4303       2.84        0.79
4305       2.81        0.78
4307       2.78        0.78
4309       2.75        0.78
4311       2.72        0.78
4313       2.71        0.78
4315       2.71        0.78
4317       2.71        0.79
4319       2.72        0.79
4321       2.72        0.8
4323       2.72        0.8
4325       2.72        0.81
4327       2.73        0.81
4329       2.73        0.81
4331       2.74        0.81
4333       2.74        0.82
4335       2.74        0.81
4337       2.74        0.8
4339       2.72        0.8
4341       2.7         0.79
4343       2.67        0.78
4345       2.65        0.77
4347       2.64        0.76
4349       2.62        0.77
4351       2.62        0.77
4353       2.65        0.78
4355       2.72        0.8
4357       2.81        0.82
4359       2.91        0.83
4361       3           0.84
4363       3.05        0.85
4365       3.07        0.85
4367       3.05        0.86
4369       3           0.87
4371       2.93        0.89
4373       2.88        0.92
4375       2.85        0.96
4377       2.83        1.02
4379       2.8         1.07
4381       2.77        1.06
4383       2.75        1.05
4385       2.73        1.04
4387       2.71        1.02
4389       2.68        0.98
4391       2.66        0.94
4393       2.66        0.95
4395       2.67        0.98
4397       2.7         1
4399       2.73        1.02
4401       2.76        1.04
4403       2.81        1.05
4405       2.84        1.04
4407       2.88        1.01
4409       2.91        0.98
4411       2.93        0.95
4413       2.94        0.93
4415       2.95        0.92
4417       2.96        0.9
4419       2.95        0.89
4421       2.93        0.88
4423       2.89        0.86
4425       2.86        0.85
4427       2.82        0.83
4429       2.78        0.82
4431       2.73        0.8
4433       2.7         0.8
4435       2.68        0.8
4437       2.67        0.8
4439       2.68        0.8
4441       2.7         0.81
4443       2.72        0.81
4445       2.75        0.82
4447       2.77        0.82
4449       2.79        0.82
4451       2.79        0.82
4453       2.79        0.83
4455       2.78        0.83
4457       2.77        0.84
4459       2.74        0.85
4461       2.7         0.87
4463       2.67        0.89
4465       2.64        0.9
4467       2.61        0.9
4469       2.59        0.9
4471       2.57        0.9
4473       2.57        0.88
4475       2.57        0.86
4477       2.58        0.85
4479       2.61        0.84
4481       2.63        0.83
4483       2.67        0.83
4485       2.7         0.83
4487       2.73        0.83
4489       2.74        0.83
4491       2.75        0.82
4493       2.74        0.82
4495       2.72        0.81
4497       2.69        0.79
4499       2.65        0.78
4501       2.61        0.77
4503       2.57        0.76
4505       2.54        0.75
4507       2.52        0.74
4509       2.51        0.73
4511       2.5         0.73
4513       2.49        0.73
4515       2.47        0.72
4517       2.46        0.72
4519       2.45        0.73
4521       2.46        0.75
4523       2.49        0.78
4525       2.53        0.81
4527       2.6         0.85
4529       2.67        0.89
4531       2.75        0.92
4533       2.82        0.92
4535       2.85        0.93
4537       2.87        0.92
4539       2.86        0.9
4541       2.84        0.88
4543       2.81        0.86
4545       2.78        0.85
4547       2.78        0.85
4549       2.79        0.86
4551       2.86        0.88
4553       2.96        0.91
4555       3.08        0.94
4557       3.19        0.97
4559       3.28        0.99
4561       3.37        1
4563       3.42        1
4565       3.43        1
4567       3.44        1
4569       3.45        0.99
4571       3.47        0.98
4573       3.47        0.97
4575       3.43        0.96
4577       3.38        0.93
4579       3.31        0.91
4581       3.2         0.88
4583       3.08        0.85
4585       2.96        0.82
4587       2.89        0.82
4589       2.85        0.83
4591       2.88        0.87
4593       3.01        0.92
4595       3.18        0.97
4597       3.36        1.01
4599       3.51        1.02
4601       3.58        1
4603       3.55        0.96
4605       3.45        0.92
4607       3.3         0.87
4609       3.16        0.84
4611       3.03        0.83
4613       2.99        0.84
4615       3           0.85
4617       3.04        0.87
4619       3.1         0.89
4621       3.15        0.91
4623       3.21        0.92
4625       3.24        0.92
4627       3.26        0.93
4629       3.27        0.94
4631       3.28        0.94
4633       3.29        0.94
4635       3.29        0.94
4637       3.3         0.94
4639       3.3         0.94
4641       3.3         0.94
4643       3.29        0.94
4645       3.28        0.94
4647       3.27        0.94
4649       3.25        0.94
4651       3.22        0.94
4653       3.19        0.94
4655       3.16        0.94
4657       3.14        0.95
4659       3.13        0.95
4661       3.13        0.96
4663       3.14        0.97
4665       3.15        0.97
4667       3.15        0.97
4669       3.14        0.96
4671       3.12        0.95
4673       3.1         0.94
4675       3.09        0.93
4677       3.08        0.93
4679       3.07        0.93
4681       3.08        0.93
4683       3.1         0.93
4685       3.12        0.93
4687       3.15        0.94
4689       3.2         0.95
4691       3.26        0.97
4693       3.33        0.98
4695       3.41        1.01
4697       3.5         1.04
4699       3.6         1.06
4701       3.69        1.09
4703       3.76        1.11
4705       3.81        1.13
4707       3.84        1.13
4709       3.84        1.13
4711       3.82        1.12
4713       3.79        1.11
4715       3.75        1.09
4717       3.7         1.07
4719       3.67        1.06
4721       3.64        1.05
4723       3.59        1.04
4725       3.55        1.03
4727       3.51        1.03
4729       3.46        1.02
4731       3.41        1.01
4733       3.35        0.99
4735       3.3         0.98
4737       3.26        0.97
4739       3.23        0.96
4741       3.22        0.96
4743       3.22        0.96
4745       3.22        0.96
4747       3.23        0.96
4749       3.23        0.96
4751       3.22        0.95
4753       3.2         0.94
4755       3.18        0.94
4757       3.19        0.94
4759       3.21        0.95
4761       3.24        0.96
4763       3.28        0.98
4765       3.31        0.99
4767       3.34        1
4769       3.36        1
4771       3.37        0.99
4773       3.36        0.98
4775       3.35        0.97
4777       3.35        0.98
4779       3.37        0.98
4781       3.37        1
4783       3.38        1.01
4785       3.39        1.02
4787       3.37        1.02
4789       3.32        1.01
4791       3.27        1.01
4793       3.21        1
4795       3.14        1
4797       3.09        1.02
4799       3.08        1.05
4801       3.08        1.08
4803       3.09        1.09
4805       3.09        1.11
4807       3.12        1.1
4809       3.15        1.09
4811       3.18        1.05
4813       3.18        1.01
4815       3.15        0.98
4817       3.1         0.94
4819       3.04        0.91
4821       2.96        0.89
4823       2.9         0.87
4825       2.85        0.86
4827       2.83        0.85
4829       2.82        0.85
4831       2.84        0.84
4833       2.86        0.85
4835       2.88        0.86
4837       2.92        0.87
4839       2.97        0.89
4841       3.04        0.91
4843       3.03        0.91
4845       3.01        0.91
4847       2.98        0.91
4849       2.93        0.91
4851       2.86        0.9
4853       2.78        0.92
4855       2.85        0.97
4857       2.95        1.02
4859       3.03        1.05
4861       3.1         1.08
4863       3.15        1.1
4865       3.18        1.11
4867       3.16        1.09
4869       3.1         1.07
4871       3.05        1.06
4873       3.03        1.06
4875       3.03        1.06
4877       3.04        1.06
4879       3.05        1.07
4881       3.07        1.08
4883       3.12        1.09
4885       3.13        1.08
4887       3.13        1.06
4889       3.12        1.04
4891       3.11        1.03
4893       3.11        1.01
4895       3.1         1.01
4897       3.12        1.02
4899       3.18        1.04
4901       3.26        1.06
4903       3.3         1.06
4905       3.31        1.06
4907       3.3         1.06
4909       3.28        1.07
4911       3.24        1.07
4913       3.2         1.09
4915       3.18        1.12
4917       3.18        1.16
4919       3.16        1.19
4921       3.11        1.17
4923       3.05        1.14
4925       2.99        1.11
4927       2.93        1.06
4929       2.9         1.01
4931       2.89        0.96
4933       2.91        0.97
4935       2.93        0.97
4937       2.96        0.98
4939       2.98        0.98
4941       2.96        0.98
4943       2.91        0.96
4945       2.85        0.94
4947       2.79        0.92
4949       2.71        0.9
4951       2.63        0.88
4953       2.55        0.88
4955       2.52        0.87
4957       2.49        0.88
4959       2.48        0.88
4961       2.48        0.89
4963       2.49        0.91
4965       2.53        0.93
4967       2.61        0.95
4969       2.63        0.96
4971       2.66        0.97
4973       2.68        0.97
4975       2.69        0.98
4977       2.68        0.96
4979       2.64        0.96
4981       2.62        0.94
4983       2.6         0.93
4985       2.56        0.91
4987       2.52        0.89
4989       2.46        0.87
4991       2.42        0.86
4993       2.4         0.85
4995       2.39        0.86
4997       2.41        0.87
4999       2.44        0.89
5001       2.5         0.91
5003       2.56        0.92
5005       2.62        0.94
5007       2.68        0.93
5009       2.7         0.92
5011       2.69        0.9
5013       2.65        0.88
5015       2.6         0.86
5017       2.54        0.85
5019       2.49        0.84
5021       2.46        0.84
5023       2.45        0.85
5025       2.46        0.87
5027       2.5         0.9
5029       2.58        0.94
5031       2.72        0.99
5033       2.91        1.05
5035       3.1         1.11
5037       3.22        1.14
5039       3.3         1.15
5041       3.34        1.14
5043       3.31        1.1
5045       3.22        1.06
5047       3.13        1.01
5049       3.11        0.99
5051       3.11        0.97
5053       3.11        0.97
5055       3.1         0.96
5057       3.11        0.96
5059       3.13        0.97
5061       3.16        0.98
5063       3.2         0.99
5065       3.22        0.99
5067       3.22        0.98
5069       3.19        0.96
5071       3.17        0.94
5073       3.19        0.92
5075       3.18        0.89
5077       3.16        0.86
5079       3.12        0.82
5081       3.02        0.78
5083       2.89        0.73
5085       2.69        0.69
5087       2.49        0.66
5089       2.33        0.66
5091       2.25        0.68
5093       2.24        0.71
5095       2.28        0.76
5097       2.35        0.81
5099       2.44        0.85
5101       2.53        0.89
5103       2.61        0.91
5105       2.65        0.93
5107       2.66        0.92
5109       2.64        0.91
5111       2.59        0.89
5113       2.52        0.87
5115       2.43        0.84
5117       2.35        0.81
5119       2.27        0.77
5121       2.19        0.74
5123       2.12        0.7
5125       2.05        0.68
5127       2           0.66
5129       1.96        0.66
5131       1.95        0.68
5133       1.97        0.7
5135       2.03        0.72
5137       2.1         0.75
5139       2.19        0.79
5141       2.29        0.81
5143       2.39        0.83
5145       2.46        0.85
5147       2.52        0.85
5149       2.56        0.85
5151       2.58        0.85
5153       2.6         0.85
5155       2.61        0.85
5157       2.62        0.85
5159       2.62        0.85
5161       2.62        0.86
5163       2.64        0.86
5165       2.66        0.87
5167       2.67        0.86
5169       2.68        0.86
5171       2.69        0.85
5173       2.69        0.84
5175       2.68        0.83
5177       2.66        0.81
5179       2.64        0.8
5181       2.62        0.79
5183       2.6         0.78
5185       2.58        0.77
5187       2.56        0.77
5189       2.53        0.78
5191       2.52        0.79
5193       2.52        0.82
5195       2.57        0.85
5197       2.67        0.9
5199       2.79        0.94
5201       2.91        0.98
5203       3.04        1
5205       3.15        1.01
5207       3.19        1
5209       3.19        0.98
5211       3.16        0.95
5213       3.1         0.92
5215       3.04        0.9
5217       3           0.88
5219       2.97        0.87
5221       2.95        0.87
5223       2.97        0.88
5225       3.01        0.89
5227       3.02        0.9
5229       3.04        0.91
5231       3.06        0.92
5233       3.07        0.92
5235       3.06        0.91
5237       3.06        0.92
5239       3.06        0.92
5241       3.06        0.93
5243       3.08        0.95
5245       3.12        0.97
5247       3.18        0.99
5249       3.24        1.01
5251       3.31        1.04
5253       3.38        1.05
5255       3.43        1.06
5257       3.45        1.05
5259       3.45        1.05
5261       3.43        1.04
5263       3.4         1.03
5265       3.37        1.03
5267       3.38        1.03
5269       3.39        1.03
5271       3.38        1.04
5273       3.39        1.05
5275       3.44        1.06
5277       3.5         1.07
5279       3.52        1.06
5281       3.5         1.05
5283       3.46        1.02
5285       3.41        1.01
5287       3.35        0.99
5289       3.27        0.97
5291       3.19        0.96
5293       3.15        0.96