   -1000.000      -0.033760
    -999.000      -0.030250
    -998.000      -0.024092
    -997.000      -0.015352
    -996.000      -0.004698
    -995.000       0.007034
    -994.000       0.018892
    -993.000       0.029933
    -992.000       0.038991
    -991.000       0.045217
    -990.000       0.047962
    -989.000       0.046648
    -988.000       0.041283
    -987.000       0.032206
    -986.000       0.019886
    -985.000       0.005459
    -984.000      -0.009936
    -983.000      -0.024931
    -982.000      -0.038180
    -981.000      -0.048262
    -980.000      -0.054402
    -979.000      -0.055730
    -978.000      -0.052094
    -977.000      -0.043731
    -976.000      -0.031389
    -975.000      -0.015962
    -974.000       0.000847
    -973.000       0.017764
    -972.000       0.033195
    -971.000       0.045588
    -970.000       0.054013
    -969.000       0.057680
    -968.000       0.056166
    -967.000       0.049858
    -966.000       0.039288
    -965.000       0.025344
    -964.000       0.009458
    -963.000      -0.007026
    -962.000      -0.022782
    -961.000      -0.036293
    -960.000      -0.046548
    -959.000      -0.052857
    -958.000      -0.054535
    -957.000      -0.051735
    -956.000      -0.044800
    -955.000      -0.034232
    -954.000      -0.021171
    -953.000      -0.006776
    -952.000       0.007937
    -951.000       0.021492
    -950.000       0.032958
    -949.000       0.041419
    -948.000       0.046273
    -947.000       0.047125
    -946.000       0.044266
    -945.000       0.037793
    -944.000       0.028510
    -943.000       0.017294
    -942.000       0.005087
    -941.000      -0.007063
    -940.000      -0.018002
    -939.000      -0.027038
    -938.000      -0.033398
    -937.000      -0.036606
    -936.000      -0.036662
    -935.000      -0.033670
    -934.000      -0.027969
    -933.000      -0.020362
    -932.000      -0.011544
    -931.000      -0.002318
    -930.000       0.006387
    -929.000       0.013829
    -928.000       0.019666
    -927.000       0.023198
    -926.000       0.024624
    -925.000       0.023928
    -924.000       0.021360
    -923.000       0.017430
    -922.000       0.012721
    -921.000       0.007568
    -920.000       0.002659
    -919.000      -0.001673
    -918.000      -0.005273
    -917.000      -0.007833
    -916.000      -0.009447
    -915.000      -0.010257
    -914.000      -0.010402
    -913.000      -0.010037
    -912.000      -0.009612
    -911.000      -0.009010
    -910.000      -0.008554
    -909.000      -0.008225
    -908.000      -0.007912
    -907.000      -0.007527
    -906.000      -0.006970
    -905.000      -0.005901
    -904.000      -0.004260
    -903.000      -0.002001
    -902.000       0.001071
    -901.000       0.004706
    -900.000       0.008673
    -899.000       0.012768
    -898.000       0.016433
    -897.000       0.019237
    -896.000       0.020823
    -895.000       0.020717
    -894.000       0.018668
    -893.000       0.014787
    -892.000       0.009018
    -891.000       0.001908
    -890.000      -0.006025
    -889.000      -0.014038
    -888.000      -0.021398
    -887.000      -0.027165
    -886.000      -0.030811
    -885.000      -0.031762
    -884.000      -0.029735
    -883.000      -0.024875
    -882.000      -0.017463
    -881.000      -0.008080
    -880.000       0.002363
    -879.000       0.012932
    -878.000       0.022662
    -877.000       0.030530
    -876.000       0.035799
    -875.000       0.037949
    -874.000       0.036643
    -873.000       0.031998
    -872.000       0.024427
    -871.000       0.014548
    -870.000       0.003253
    -869.000      -0.008324
    -868.000      -0.019288
    -867.000      -0.028474
    -866.000      -0.035080
    -865.000      -0.038554
    -864.000      -0.038494
    -863.000      -0.034972
    -862.000      -0.028342
    -861.000      -0.019226
    -860.000      -0.008450
    -859.000       0.002853
    -858.000       0.013740
    -857.000       0.023130
    -856.000       0.030158
    -855.000       0.034275
    -854.000       0.035089
    -853.000       0.032602
    -852.000       0.027177
    -851.000       0.019381
    -850.000       0.009994
    -849.000       0.000065
    -848.000      -0.009562
    -847.000      -0.017840
    -846.000      -0.024114
    -845.000      -0.027781
    -844.000      -0.028630
    -843.000      -0.026706
    -842.000      -0.022267
    -841.000      -0.015966
    -840.000      -0.008424
    -839.000      -0.000511
    -838.000       0.006993
    -837.000       0.013332
    -836.000       0.018015
    -835.000       0.020542
    -834.000       0.020931
    -833.000       0.019139
    -832.000       0.015574
    -831.000       0.010631
    -830.000       0.004974
    -829.000      -0.000854
    -828.000      -0.006185
    -827.000      -0.010499
    -826.000      -0.013439
    -825.000      -0.014702
    -824.000      -0.014281
    -823.000      -0.012293
    -822.000      -0.009002
    -821.000      -0.004847
    -820.000      -0.000291
    -819.000       0.004070
    -818.000       0.007836
    -817.000       0.010477
    -816.000       0.011769
    -815.000       0.011531
    -814.000       0.009831
    -813.000       0.006797
    -812.000       0.002926
    -811.000      -0.001496
    -810.000      -0.005776
    -809.000      -0.009472
    -808.000      -0.012112
    -807.000      -0.013336
    -806.000      -0.012930
    -805.000      -0.010953
    -804.000      -0.007566
    -803.000      -0.003089
    -802.000       0.001900
    -801.000       0.006909
    -800.000       0.011391
    -799.000       0.014713
    -798.000       0.016591
    -797.000       0.016748
    -796.000       0.015048
    -795.000       0.011749
    -794.000       0.007086
    -793.000       0.001503
    -792.000      -0.004371
    -791.000      -0.009962
    -790.000      -0.014747
    -789.000      -0.018106
    -788.000      -0.019776
    -787.000      -0.019519
    -786.000      -0.017345
    -785.000      -0.013370
    -784.000      -0.008155
    -783.000      -0.001970
    -782.000       0.004356
    -781.000       0.010307
    -780.000       0.015239
    -779.000       0.018690
    -778.000       0.020186
    -777.000       0.019756
    -776.000       0.017318
    -775.000       0.013164
    -774.000       0.007821
    -773.000       0.001790
    -772.000      -0.004309
    -771.000      -0.009686
    -770.000      -0.013928
    -769.000      -0.016579
    -768.000      -0.017306
    -767.000      -0.016217
    -766.000      -0.013517
    -765.000      -0.009393
    -764.000      -0.004651
    -763.000       0.000351
    -762.000       0.004921
    -761.000       0.008585
    -760.000       0.010887
    -759.000       0.011822
    -758.000       0.011136
    -757.000       0.009176
    -756.000       0.006287
    -755.000       0.002802
    -754.000      -0.000691
    -753.000      -0.003687
    -752.000      -0.005889
    -751.000      -0.006985
    -750.000      -0.006719
    -749.000      -0.005439
    -748.000      -0.003077
    -747.000      -0.000129
    -746.000       0.002981
    -745.000       0.005776
    -744.000       0.007962
    -743.000       0.008907
    -742.000       0.008663
    -741.000       0.007053
    -740.000       0.004101
    -739.000       0.000261
    -738.000      -0.004129
    -737.000      -0.008648
    -736.000      -0.012538
    -735.000      -0.015408
    -734.000      -0.016811
    -733.000      -0.016359
    -732.000      -0.013978
    -731.000      -0.009882
    -730.000      -0.004185
    -729.000       0.002419
    -728.000       0.009315
    -727.000       0.015791
    -726.000       0.021134
    -725.000       0.024505
    -724.000       0.025719
    -723.000       0.024257
    -722.000       0.020224
    -721.000       0.013994
    -720.000       0.006016
    -719.000      -0.002994
    -718.000      -0.011991
    -717.000      -0.020239
    -716.000      -0.026878
    -715.000      -0.031089
    -714.000      -0.032548
    -713.000      -0.031053
    -712.000      -0.026534
    -711.000      -0.019542
    -710.000      -0.010638
    -709.000      -0.000453
    -708.000       0.009880
    -707.000       0.019564
    -706.000       0.027816
    -705.000       0.033697
    -704.000       0.036805
    -703.000       0.036883
    -702.000       0.033714
    -701.000       0.027697
    -700.000       0.019305
    -699.000       0.009135
    -698.000      -0.001916
    -697.000      -0.012781
    -696.000      -0.022809
    -695.000      -0.030864
    -694.000      -0.036356
    -693.000      -0.038866
    -692.000      -0.038036
    -691.000      -0.033945
    -690.000      -0.027059
    -689.000      -0.017787
    -688.000      -0.007025
    -687.000       0.004243
    -686.000       0.015149
    -685.000       0.024681
    -684.000       0.031972
    -683.000       0.036462
    -682.000       0.037804
    -681.000       0.035788
    -680.000       0.030795
    -679.000       0.023284
    -678.000       0.013808
    -677.000       0.003495
    -676.000      -0.006927
    -675.000      -0.016495
    -674.000      -0.024351
    -673.000      -0.029893
    -672.000      -0.032840
    -671.000      -0.032821
    -670.000      -0.030158
    -669.000      -0.025153
    -668.000      -0.018270
    -667.000      -0.010250
    -666.000      -0.001898
    -665.000       0.006256
    -664.000       0.013395
    -663.000       0.019009
    -662.000       0.022917
    -661.000       0.024719
    -660.000       0.024585
    -659.000       0.022697
    -658.000       0.019306
    -657.000       0.014839
    -656.000       0.009828
    -655.000       0.004607
    -654.000      -0.000392
    -653.000      -0.004761
    -652.000      -0.008441
    -651.000      -0.011210
    -650.000      -0.013038
    -649.000      -0.014077
    -648.000      -0.014403
    -647.000      -0.014060
    -646.000      -0.013363
    -645.000      -0.012248
    -644.000      -0.010818
    -643.000      -0.009139
    -642.000      -0.007092
    -641.000      -0.004658
    -640.000      -0.001830
    -639.000       0.001432
    -638.000       0.005100
    -637.000       0.008929
    -636.000       0.012790
    -635.000       0.016360
    -634.000       0.019221
    -633.000       0.021097
    -632.000       0.021615
    -631.000       0.020481
    -630.000       0.017647
    -629.000       0.013084
    -628.000       0.006984
    -627.000      -0.000270
    -626.000      -0.008129
    -625.000      -0.016045
    -624.000      -0.023216
    -623.000      -0.029035
    -622.000      -0.032840
    -621.000      -0.034169
    -620.000      -0.032664
    -619.000      -0.028412
    -618.000      -0.021416
    -617.000      -0.012292
    -616.000      -0.001644
    -615.000       0.009651
    -614.000       0.020639
    -613.000       0.030270
    -612.000       0.037689
    -611.000       0.042103
    -610.000       0.042959
    -609.000       0.040118
    -608.000       0.033664
    -607.000       0.024039
    -606.000       0.012126
    -605.000      -0.001148
    -604.000      -0.014542
    -603.000      -0.026850
    -602.000      -0.036924
    -601.000      -0.043857
    -600.000      -0.046880
    -599.000      -0.045851
    -598.000      -0.040675
    -597.000      -0.031976
    -596.000      -0.020401
    -595.000      -0.007118
    -594.000       0.006767
    -593.000       0.019970
    -592.000       0.031372
    -591.000       0.039982
    -590.000       0.045110
    -589.000       0.046396
    -588.000       0.043729
    -587.000       0.037537
    -586.000       0.028268
    -585.000       0.016896
    -584.000       0.004328
    -583.000      -0.008308
    -582.000      -0.020083
    -581.000      -0.029888
    -580.000      -0.037200
    -579.000      -0.041301
    -578.000      -0.042075
    -577.000      -0.039525
    -576.000      -0.033913
    -575.000      -0.025801
    -574.000      -0.015922
    -573.000      -0.005064
    -572.000       0.005845
    -571.000       0.015950
    -570.000       0.024459
    -569.000       0.030790
    -568.000       0.034409
    -567.000       0.035229
    -566.000       0.033180
    -565.000       0.028576
    -564.000       0.021853
    -563.000       0.013714
    -562.000       0.004747
    -561.000      -0.004083
    -560.000      -0.012221
    -559.000      -0.018895
    -558.000      -0.023707
    -557.000      -0.026280
    -556.000      -0.026648
    -555.000      -0.024808
    -554.000      -0.021151
    -553.000      -0.016136
    -552.000      -0.010232
    -551.000      -0.004026
    -550.000       0.001889
    -549.000       0.007192
    -548.000       0.011462
    -547.000       0.014475
    -546.000       0.016286
    -545.000       0.016822
    -544.000       0.016261
    -543.000       0.014866
    -542.000       0.012833
    -541.000       0.010329
    -540.000       0.007730
    -539.000       0.005032
    -538.000       0.002402
    -537.000      -0.000039
    -536.000      -0.002360
    -535.000      -0.004603
    -534.000      -0.006583
    -533.000      -0.008589
    -532.000      -0.010384
    -531.000      -0.011968
    -530.000      -0.013248
    -529.000      -0.014095
    -528.000      -0.014226
    -527.000      -0.013635
    -526.000      -0.012074
    -525.000      -0.009454
    -524.000      -0.005894
    -523.000      -0.001451
    -522.000       0.003694
    -521.000       0.009011
    -520.000       0.014190
    -519.000       0.018739
    -518.000       0.022018
    -517.000       0.023718
    -516.000       0.023545
    -515.000       0.021143
    -514.000       0.016816
    -513.000       0.010657
    -512.000       0.003154
    -511.000      -0.005058
    -510.000      -0.013166
    -509.000      -0.020619
    -508.000      -0.026432
    -507.000      -0.030152
    -506.000      -0.031363
    -505.000      -0.029755
    -504.000      -0.025460
    -503.000      -0.018852
    -502.000      -0.010352
    -501.000      -0.000747
    -500.000       0.009023
    -499.000       0.018262
    -498.000       0.025972
    -497.000       0.031479
    -496.000       0.034298
    -495.000       0.034179
    -494.000       0.030944
    -493.000       0.025125
    -492.000       0.017060
    -491.000       0.007447
    -490.000      -0.002659
    -489.000      -0.012527
    -488.000      -0.021243
    -487.000      -0.027889
    -486.000      -0.032025
    -485.000      -0.033286
    -484.000      -0.031425
    -483.000      -0.026861
    -482.000      -0.019985
    -481.000      -0.011353
    -480.000      -0.001993
    -479.000       0.007289
    -478.000       0.015696
    -477.000       0.022311
    -476.000       0.026609
    -475.000       0.028387
    -474.000       0.027313
    -473.000       0.023801
    -472.000       0.018255
    -471.000       0.011197
    -470.000       0.003470
    -469.000      -0.004116
    -468.000      -0.010988
    -467.000      -0.016408
    -466.000      -0.019926
    -465.000      -0.021465
    -464.000      -0.020891
    -463.000      -0.018365
    -462.000      -0.014441
    -461.000      -0.009398
    -460.000      -0.003850
    -459.000       0.001560
    -458.000       0.006446
    -457.000       0.010377
    -456.000       0.012914
    -455.000       0.014109
    -454.000       0.013842
    -453.000       0.012212
    -452.000       0.009559
    -451.000       0.006227
    -450.000       0.002462
    -449.000      -0.001146
    -448.000      -0.004293
    -447.000      -0.006776
    -446.000      -0.008165
    -445.000      -0.008486
    -444.000      -0.007815
    -443.000      -0.006086
    -442.000      -0.003722
    -441.000      -0.001016
    -440.000       0.001772
    -439.000       0.004197
    -438.000       0.005886
    -437.000       0.006807
    -436.000       0.006628
    -435.000       0.005461
    -434.000       0.003479
    -433.000       0.000883
    -432.000      -0.002057
    -431.000      -0.004776
    -430.000      -0.007123
    -429.000      -0.008693
    -428.000      -0.009197
    -427.000      -0.008670
    -426.000      -0.007032
    -425.000      -0.004438
    -424.000      -0.001167
    -423.000       0.002401
    -422.000       0.006044
    -421.000       0.009153
    -420.000       0.011543
    -419.000       0.012886
    -418.000       0.012976
    -417.000       0.011730
    -416.000       0.009383
    -415.000       0.005879
    -414.000       0.001725
    -413.000      -0.002725
    -412.000      -0.007143
    -411.000      -0.010964
    -410.000      -0.013816
    -409.000      -0.015474
    -408.000      -0.015622
    -407.000      -0.014268
    -406.000      -0.011532
    -405.000      -0.007645
    -404.000      -0.002909
    -403.000       0.002017
    -402.000       0.006840
    -401.000       0.010923
    -400.000       0.013871
    -399.000       0.015375
    -398.000       0.015353
    -397.000       0.013662
    -396.000       0.010722
    -395.000       0.006713
    -394.000       0.002171
    -393.000      -0.002407
    -392.000      -0.006493
    -391.000      -0.009737
    -390.000      -0.011723
    -389.000      -0.012348
    -388.000      -0.011649
    -387.000      -0.009725
    -386.000      -0.006924
    -385.000      -0.003653
    -384.000      -0.000268
    -383.000       0.002761
    -382.000       0.005095
    -381.000       0.006557
    -380.000       0.006972
    -379.000       0.006413
    -378.000       0.005014
    -377.000       0.003065
    -376.000       0.000821
    -375.000      -0.001273
    -374.000      -0.002989
    -373.000      -0.004002
    -372.000      -0.004188
    -371.000      -0.003445
    -370.000      -0.001949
    -369.000       0.000255
    -368.000       0.002703
    -367.000       0.005202
    -366.000       0.007259
    -365.000       0.008606
    -364.000       0.008895
    -363.000       0.008029
    -362.000       0.005925
    -361.000       0.002727
    -360.000      -0.001271
    -359.000      -0.005666
    -358.000      -0.009995
    -357.000      -0.013645
    -356.000      -0.016195
    -355.000      -0.017168
    -354.000      -0.016341
    -353.000      -0.013620
    -352.000      -0.009231
    -351.000      -0.003428
    -350.000       0.003116
    -349.000       0.009848
    -348.000       0.015961
    -347.000       0.020893
    -346.000       0.023955
    -345.000       0.024895
    -344.000       0.023431
    -343.000       0.019702
    -342.000       0.013974
    -341.000       0.006731
    -340.000      -0.001378
    -339.000      -0.009682
    -338.000      -0.017354
    -337.000      -0.023827
    -336.000      -0.028416
    -335.000      -0.030721
    -334.000      -0.030518
    -333.000      -0.027775
    -332.000      -0.022587
    -331.000      -0.015497
    -330.000      -0.006873
    -329.000       0.002487
    -328.000       0.011823
    -327.000       0.020423
    -326.000       0.027487
    -325.000       0.032374
    -324.000       0.034669
    -323.000       0.034076
    -322.000       0.030546
    -321.000       0.024407
    -320.000       0.016074
    -319.000       0.006196
    -318.000      -0.004246
    -317.000      -0.014479
    -316.000      -0.023535
    -315.000      -0.030563
    -314.000      -0.034981
    -313.000      -0.036401
    -312.000      -0.034596
    -311.000      -0.029875
    -310.000      -0.022573
    -309.000      -0.013364
    -308.000      -0.003078
    -307.000       0.007359
    -306.000       0.017162
    -305.000       0.025411
    -304.000       0.031473
    -303.000       0.034969
    -302.000       0.035544
    -301.000       0.033279
    -300.000       0.028473
    -299.000       0.021442
    -298.000       0.012902
    -297.000       0.003550
    -296.000      -0.005889
    -295.000      -0.014685
    -294.000      -0.022065
    -293.000      -0.027640
    -292.000      -0.030944
    -291.000      -0.031772
    -290.000      -0.030232
    -289.000      -0.026492
    -288.000      -0.020826
    -287.000      -0.013944
    -286.000      -0.006265
    -285.000       0.001607
    -284.000       0.008900
    -283.000       0.015294
    -282.000       0.020296
    -281.000       0.023540
    -280.000       0.025034
    -279.000       0.024745
    -278.000       0.022731
    -277.000       0.019362
    -276.000       0.014976
    -275.000       0.009754
    -274.000       0.004324
    -273.000      -0.001134
    -272.000      -0.006316
    -271.000      -0.010874
    -270.000      -0.014666
    -269.000      -0.017671
    -268.000      -0.019574
    -267.000      -0.020508
    -266.000      -0.020436
    -265.000      -0.019225
    -264.000      -0.017023
    -263.000      -0.013882
    -262.000      -0.009796
    -261.000      -0.004947
    -260.000       0.000358
    -259.000       0.006147
    -258.000       0.011834
    -257.000       0.017207
    -256.000       0.021934
    -255.000       0.025546
    -254.000       0.027675
    -253.000       0.028203
    -252.000       0.026708
    -251.000       0.023259
    -250.000       0.017939
    -249.000       0.010897
    -248.000       0.002545
    -247.000      -0.006470
    -246.000      -0.015656
    -245.000      -0.024208
    -244.000      -0.031326
    -243.000      -0.036412
    -242.000      -0.038892
    -241.000      -0.038187
    -240.000      -0.034419
    -239.000      -0.027488
    -238.000      -0.017867
    -237.000      -0.006334
    -236.000       0.006200
    -235.000       0.018773
    -234.000       0.029958
    -233.000       0.038888
    -232.000       0.044625
    -231.000       0.046419
    -230.000       0.044133
    -229.000       0.037976
    -228.000       0.028210
    -227.000       0.015970
    -226.000       0.002231
    -225.000      -0.011904
    -224.000      -0.025026
    -223.000      -0.036102
    -222.000      -0.044317
    -221.000      -0.048837
    -220.000      -0.049445
    -219.000      -0.046193
    -218.000      -0.039220
    -217.000      -0.029232
    -216.000      -0.017067
    -215.000      -0.003570
    -214.000       0.010164
    -213.000       0.022963
    -212.000       0.034120
    -211.000       0.042547
    -210.000       0.047741
    -209.000       0.049331
    -208.000       0.047183
    -207.000       0.041382
    -206.000       0.032589
    -205.000       0.021254
    -204.000       0.008388
    -203.000      -0.005026
    -202.000      -0.017931
    -201.000      -0.029393
    -200.000      -0.038336
    -199.000      -0.044210
    -198.000      -0.046524
    -197.000      -0.045004
    -196.000      -0.039944
    -195.000      -0.031768
    -194.000      -0.021055
    -193.000      -0.008903
    -192.000       0.003778
    -191.000       0.015948
    -190.000       0.026580
    -189.000       0.034801
    -188.000       0.040202
    -187.000       0.042152
    -186.000       0.040795
    -185.000       0.036310
    -184.000       0.029083
    -183.000       0.019796
    -182.000       0.009381
    -181.000      -0.001567
    -180.000      -0.011978
    -179.000      -0.021144
    -178.000      -0.028546
    -177.000      -0.033549
    -176.000      -0.035988
    -175.000      -0.035816
    -174.000      -0.033139
    -173.000      -0.028214
    -172.000      -0.021642
    -171.000      -0.013777
    -170.000      -0.005321
    -169.000       0.003143
    -168.000       0.011102
    -167.000       0.018081
    -166.000       0.023578
    -165.000       0.027481
    -164.000       0.029517
    -163.000       0.029646
    -162.000       0.028010
    -161.000       0.024708
    -160.000       0.019977
    -159.000       0.014181
    -158.000       0.007615
    -157.000       0.000653
    -156.000      -0.006277
    -155.000      -0.012798
    -154.000      -0.018607
    -153.000      -0.023237
    -152.000      -0.026504
    -151.000      -0.028129
    -150.000      -0.027948
    -149.000      -0.025927
    -148.000      -0.022140
    -147.000      -0.016697
    -146.000      -0.009953
    -145.000      -0.002279
    -144.000       0.005839
    -143.000       0.013872
    -142.000       0.021179
    -141.000       0.027299
    -140.000       0.031682
    -139.000       0.033923
    -138.000       0.033823
    -137.000       0.031242
    -136.000       0.026254
    -135.000       0.019217
    -134.000       0.010443
    -133.000       0.000619
    -132.000      -0.009605
    -131.000      -0.019454
    -130.000      -0.028188
    -129.000      -0.035030
    -128.000      -0.039442
    -127.000      -0.040942
    -126.000      -0.039274
    -125.000      -0.034514
    -124.000      -0.026880
    -123.000      -0.016901
    -122.000      -0.005352
    -121.000       0.006873
    -120.000       0.018751
    -119.000       0.029223
    -118.000       0.037378
    -117.000       0.042419
    -116.000       0.043845
    -115.000       0.041499
    -114.000       0.035501
    -113.000       0.026454
    -112.000       0.015061
    -111.000       0.002467
    -110.000      -0.010274
    -109.000      -0.021970
    -108.000      -0.031654
    -107.000      -0.038444
    -106.000      -0.041907
    -105.000      -0.041776
    -104.000      -0.038162
    -103.000      -0.031554
    -102.000      -0.022512
    -101.000      -0.011890
    -100.000      -0.000650
     -99.000       0.010357
     -98.000       0.020276
     -97.000       0.028256
     -96.000       0.033950
     -95.000       0.036824
     -94.000       0.036876
     -93.000       0.034174
     -92.000       0.029036
     -91.000       0.021885
     -90.000       0.013422
     -89.000       0.004219
     -88.000      -0.004962
     -87.000      -0.013456
     -86.000      -0.020660
     -85.000      -0.026138
     -84.000      -0.029446
     -83.000      -0.030527
     -82.000      -0.029319
     -81.000      -0.025989
     -80.000      -0.020866
     -79.000      -0.014435
     -78.000      -0.007119
     -77.000       0.000386
     -76.000       0.007594
     -75.000       0.013932
     -74.000       0.018993
     -73.000       0.022350
     -72.000       0.023982
     -71.000       0.023659
     -70.000       0.021594
     -69.000       0.018031
     -68.000       0.013261
     -67.000       0.007697
     -66.000       0.001923
     -65.000      -0.003805
     -64.000      -0.008916
     -63.000      -0.013117
     -62.000      -0.016199
     -61.000      -0.018015
     -60.000      -0.018438
     -59.000      -0.017684
     -58.000      -0.015823
     -57.000      -0.012989
     -56.000      -0.009617
     -55.000      -0.005809
     -54.000      -0.001846
     -53.000       0.001931
     -52.000       0.005416
     -51.000       0.008504
     -50.000       0.010842
     -49.000       0.012643
     -48.000       0.013680
     -47.000       0.013979
     -46.000       0.013573
     -45.000       0.012566
     -44.000       0.010816
     -43.000       0.008626
     -42.000       0.005946
     -41.000       0.002863
     -40.000      -0.000398
     -39.000      -0.003722
     -38.000      -0.007044
     -37.000      -0.009970
     -36.000      -0.012452
     -35.000      -0.014281
     -34.000      -0.015164
     -33.000      -0.015053
     -32.000      -0.013914
     -31.000      -0.011574
     -30.000      -0.008302
     -29.000      -0.004237
     -28.000       0.000386
     -27.000       0.005200
     -26.000       0.009664
     -25.000       0.013672
     -24.000       0.016555
     -23.000       0.018185
     -22.000       0.018394
     -21.000       0.017038
     -20.000       0.014191
     -19.000       0.010214
     -18.000       0.005234
     -17.000      -0.000241
     -16.000      -0.005689
     -15.000      -0.010779
     -14.000      -0.015001
     -13.000      -0.017942
     -12.000      -0.019440
     -11.000      -0.019374
     -10.000      -0.017566
      -9.000      -0.014453
      -8.000      -0.010122
      -7.000      -0.004952
      -6.000       0.000461
      -5.000       0.005727
      -4.000       0.010453
      -3.000       0.014018
      -2.000       0.016308
      -1.000       0.017116
       0.000       0.016280
       1.000       0.014061
       2.000       0.010734
       3.000       0.006482
       4.000       0.001952
       5.000      -0.002448
       6.000      -0.006416
       7.000      -0.009402
       8.000      -0.011224
       9.000      -0.011896
      10.000      -0.011238
      11.000      -0.009550
      12.000      -0.007121
      13.000      -0.004191
      14.000      -0.001165
      15.000       0.001524
      16.000       0.003760
      17.000       0.005243
      18.000       0.005843
      19.000       0.005716
      20.000       0.004914
      21.000       0.003507
      22.000       0.001985
      23.000       0.000390
      24.000      -0.001013
      25.000      -0.001925
      26.000      -0.002346
      27.000      -0.002256
      28.000      -0.001529
      29.000      -0.000469
      30.000       0.000827
      31.000       0.002238
      32.000       0.003450
      33.000       0.004270
      34.000       0.004692
      35.000       0.004455
      36.000       0.003591
      37.000       0.002267
      38.000       0.000410
      39.000      -0.001697
      40.000      -0.003785
      41.000      -0.005778
      42.000      -0.007354
      43.000      -0.008300
      44.000      -0.008571
      45.000      -0.008064
      46.000      -0.006684
      47.000      -0.004702
      48.000      -0.002126
      49.000       0.000820
      50.000       0.003789
      51.000       0.006580
      52.000       0.009005
      53.000       0.010643
      54.000       0.011525
      55.000       0.011465
      56.000       0.010404
      57.000       0.008490
      58.000       0.005833
      59.000       0.002589
      60.000      -0.000938
      61.000      -0.004447
      62.000      -0.007773
      63.000      -0.010537
      64.000      -0.012560
      65.000      -0.013722
      66.000      -0.013860
      67.000      -0.012931
      68.000      -0.011131
      69.000      -0.008359
      70.000      -0.004976
      71.000      -0.001169
      72.000       0.002823
      73.000       0.006702
      74.000       0.010097
      75.000       0.012892
      76.000       0.014743
      77.000       0.015529
      78.000       0.015204
      79.000       0.013748
      80.000       0.011176
      81.000       0.007840
      82.000       0.003804
      83.000      -0.000526
      84.000      -0.004811
      85.000      -0.008735
      86.000      -0.012007
      87.000      -0.014269
      88.000      -0.015467
      89.000      -0.015417
      90.000      -0.014198
      91.000      -0.011881
      92.000      -0.008772
      93.000      -0.004995
      94.000      -0.001000
      95.000       0.002992
      96.000       0.006666
      97.000       0.009788
      98.000       0.012146
      99.000       0.013705
     100.000       0.014311
     101.000       0.014077
     102.000       0.012992
     103.000       0.011202
     104.000       0.008793
     105.000       0.005912
     106.000       0.002733
     107.000      -0.000669
     108.000      -0.004049
     109.000      -0.007347
     110.000      -0.010335
     111.000      -0.012907
     112.000      -0.014855
     113.000      -0.016114
     114.000      -0.016433
     115.000      -0.015836
     116.000      -0.014155
     117.000      -0.011486
     118.000      -0.007805
     119.000      -0.003370
     120.000       0.001696
     121.000       0.006974
     122.000       0.012154
     123.000       0.016804
     124.000       0.020492
     125.000       0.022819
     126.000       0.023525
     127.000       0.022331
     128.000       0.019280
     129.000       0.014401
     130.000       0.008083
     131.000       0.000695
     132.000      -0.007081
     133.000      -0.014655
     134.000      -0.021291
     135.000      -0.026391
     136.000      -0.029361
     137.000      -0.029990
     138.000      -0.027979
     139.000      -0.023575
     140.000      -0.017010
     141.000      -0.008865
     142.000       0.000224
     143.000       0.009424
     144.000       0.018026
     145.000       0.025259
     146.000       0.030463
     147.000       0.033295
     148.000       0.033450
     149.000       0.030888
     150.000       0.025921
     151.000       0.018875
     152.000       0.010297
     153.000       0.001011
     154.000      -0.008415
     155.000      -0.017150
     156.000      -0.024502
     157.000      -0.029966
     158.000      -0.033143
     159.000      -0.033705
     160.000      -0.031768
     161.000      -0.027421
     162.000      -0.021004
     163.000      -0.013097
     164.000      -0.004297
     165.000       0.004803
     166.000       0.013326
     167.000       0.020770
     168.000       0.026542
     169.000       0.030159
     170.000       0.031442
     171.000       0.030333
     172.000       0.026891
     173.000       0.021490
     174.000       0.014578
     175.000       0.006652
     176.000      -0.001647
     177.000      -0.009621
     178.000      -0.016857
     179.000      -0.022712
     180.000      -0.026831
     181.000      -0.029047
     182.000      -0.029164
     183.000      -0.027206
     184.000      -0.023497
     185.000      -0.018132
     186.000      -0.011602
     187.000      -0.004379
     188.000       0.003116
     189.000       0.010407
     190.000       0.016880
     191.000       0.022285
     192.000       0.026194
     193.000       0.028279
     194.000       0.028538
     195.000       0.026878
     196.000       0.023304
     197.000       0.018235
     198.000       0.011860
     199.000       0.004573
     200.000      -0.002976
     201.000      -0.010412
     202.000      -0.017207
     203.000      -0.022742
     204.000      -0.026743
     205.000      -0.028915
     206.000      -0.028929
     207.000      -0.026912
     208.000      -0.023011
     209.000      -0.017289
     210.000      -0.010387
     211.000      -0.002693
     212.000       0.005326
     213.000       0.012934
     214.000       0.019661
     215.000       0.025108
     216.000       0.028693
     217.000       0.030281
     218.000       0.029764
     219.000       0.027054
     220.000       0.022377
     221.000       0.016117
     222.000       0.008541
     223.000       0.000244
     224.000      -0.008131
     225.000      -0.016192
     226.000      -0.023221
     227.000      -0.028697
     228.000      -0.032333
     229.000      -0.033721
     230.000      -0.032667
     231.000      -0.029358
     232.000      -0.023777
     233.000      -0.016340
     234.000      -0.007572
     235.000       0.001966
     236.000       0.011685
     237.000       0.020622
     238.000       0.028331
     239.000       0.034071
     240.000       0.037265
     241.000       0.037691
     242.000       0.035235
     243.000       0.029810
     244.000       0.022022
     245.000       0.012280
     246.000       0.001308
     247.000      -0.009879
     248.000      -0.020396
     249.000      -0.029441
     250.000      -0.035988
     251.000      -0.039567
     252.000      -0.039864
     253.000      -0.036644
     254.000      -0.030286
     255.000      -0.021436
     256.000      -0.010592
     257.000       0.000975
     258.000       0.012377
     259.000       0.022661
     260.000       0.030860
     261.000       0.036278
     262.000       0.038693
     263.000       0.037748
     264.000       0.033762
     265.000       0.027166
     266.000       0.018528
     267.000       0.008637
     268.000      -0.001562
     269.000      -0.011360
     270.000      -0.019975
     271.000      -0.026650
     272.000      -0.031165
     273.000      -0.033094
     274.000      -0.032471
     275.000      -0.029464
     276.000      -0.024459
     277.000      -0.017768
     278.000      -0.010201
     279.000      -0.002196
     280.000       0.005599
     281.000       0.012579
     282.000       0.018281
     283.000       0.022492
     284.000       0.024772
     285.000       0.025265
     286.000       0.023997
     287.000       0.021069
     288.000       0.016898
     289.000       0.011856
     290.000       0.006192
     291.000       0.000503
     292.000      -0.004947
     293.000      -0.009832
     294.000      -0.013862
     295.000      -0.016778
     296.000      -0.018663
     297.000      -0.019238
     298.000      -0.018663
     299.000      -0.017018
     300.000      -0.014363
     301.000      -0.010862
     302.000      -0.006856
     303.000      -0.002335
     304.000       0.002250
     305.000       0.006723
     306.000       0.010863
     307.000       0.014382
     308.000       0.017016
     309.000       0.018694
     310.000       0.019192
     311.000       0.018436
     312.000       0.016525
     313.000       0.013444
     314.000       0.009391
     315.000       0.004653
     316.000      -0.000534
     317.000      -0.005830
     318.000      -0.010779
     319.000      -0.015157
     320.000      -0.018526
     321.000      -0.020681
     322.000      -0.021376
     323.000      -0.020603
     324.000      -0.018246
     325.000      -0.014566
     326.000      -0.009714
     327.000      -0.004043
     328.000       0.002049
     329.000       0.008056
     330.000       0.013630
     331.000       0.018194
     332.000       0.021463
     333.000       0.023122
     334.000       0.022977
     335.000       0.021033
     336.000       0.017402
     337.000       0.012330
     338.000       0.006206
     339.000      -0.000473
     340.000      -0.007180
     341.000      -0.013403
     342.000      -0.018532
     343.000      -0.022262
     344.000      -0.024161
     345.000      -0.024126
     346.000      -0.022114
     347.000      -0.018319
     348.000      -0.012961
     349.000      -0.006595
     350.000       0.000375
     351.000       0.007286
     352.000       0.013628
     353.000       0.018823
     354.000       0.022485
     355.000       0.024252
     356.000       0.024009
     357.000       0.021771
     358.000       0.017680
     359.000       0.012153
     360.000       0.005601
     361.000      -0.001342
     362.000      -0.008115
     363.000      -0.014070
     364.000      -0.018688
     365.000      -0.021550
     366.000      -0.022405
     367.000      -0.021155
     368.000      -0.018010
     369.000      -0.013213
     370.000      -0.007305
     371.000      -0.000912
     372.000       0.005415
     373.000       0.010934
     374.000       0.015172
     375.000       0.017731
     376.000       0.018391
     377.000       0.017141
     378.000       0.014241
     379.000       0.010023
     380.000       0.004977
     381.000      -0.000239
     382.000      -0.005146
     383.000      -0.009206
     384.000      -0.011975
     385.000      -0.013287
     386.000      -0.013059
     387.000      -0.011334
     388.000      -0.008490
     389.000      -0.004835
     390.000      -0.000825
     391.000       0.003023
     392.000       0.006263
     393.000       0.008601
     394.000       0.009712
     395.000       0.009541
     396.000       0.008161
     397.000       0.005736
     398.000       0.002568
     399.000      -0.000823
     400.000      -0.004199
     401.000      -0.006970
     402.000      -0.008858
     403.000      -0.009628
     404.000      -0.009172
     405.000      -0.007456
     406.000      -0.004804
     407.000      -0.001418
     408.000       0.002293
     409.000       0.005805
     410.000       0.008778
     411.000       0.010859
     412.000       0.011663
     413.000       0.011209
     414.000       0.009493
     415.000       0.006599
     416.000       0.002969
     417.000      -0.001050
     418.000      -0.005122
     419.000      -0.008610
     420.000      -0.011306
     421.000      -0.012865
     422.000      -0.013134
     423.000      -0.012036
     424.000      -0.009874
     425.000      -0.006649
     426.000      -0.002864
     427.000       0.001118
     428.000       0.004983
     429.000       0.008312
     430.000       0.010743
     431.000       0.012225
     432.000       0.012556
     433.000       0.011695
     434.000       0.009961
     435.000       0.007353
     436.000       0.004239
     437.000       0.000931
     438.000      -0.002269
     439.000      -0.005220
     440.000      -0.007404
     441.000      -0.008960
     442.000      -0.009670
     443.000      -0.009482
     444.000      -0.008588
     445.000      -0.007114
     446.000      -0.005109
     447.000      -0.002987
     448.000      -0.000833
     449.000       0.001180
     450.000       0.002783
     451.000       0.003933
     452.000       0.004675
     453.000       0.004828
     454.000       0.004606
     455.000       0.004115
     456.000       0.003400
     457.000       0.002611
     458.000       0.002041
     459.000       0.001457
     460.000       0.001205
     461.000       0.001152
     462.000       0.001204
     463.000       0.001339
     464.000       0.001508
     465.000       0.001375
     466.000       0.001074
     467.000       0.000421
     468.000      -0.000669
     469.000      -0.002059
     470.000      -0.003659
     471.000      -0.005487
     472.000      -0.007131
     473.000      -0.008479
     474.000      -0.009404
     475.000      -0.009507
     476.000      -0.008771
     477.000      -0.007149
     478.000      -0.004521
     479.000      -0.001090
     480.000       0.002856
     481.000       0.007188
     482.000       0.011369
     483.000       0.014991
     484.000       0.017709
     485.000       0.019128
     486.000       0.018816
     487.000       0.016912
     488.000       0.013145
     489.000       0.007834
     490.000       0.001382
     491.000      -0.005760
     492.000      -0.013023
     493.000      -0.019500
     494.000      -0.024757
     495.000      -0.028078
     496.000      -0.028982
     497.000      -0.027294
     498.000      -0.023033
     499.000      -0.016315
     500.000      -0.007803
     501.000       0.001836
     502.000       0.011869
     503.000       0.021174
     504.000       0.028911
     505.000       0.034443
     506.000       0.036864
     507.000       0.036094
     508.000       0.032008
     509.000       0.024846
     510.000       0.015207
     511.000       0.004071
     512.000      -0.007851
     513.000      -0.019193
     514.000      -0.029018
     515.000      -0.036448
     516.000      -0.040688
     517.000      -0.041308
     518.000      -0.038375
     519.000      -0.031969
     520.000      -0.022707
     521.000      -0.011556
     522.000       0.000713
     523.000       0.012805
     524.000       0.023741
     525.000       0.032535
     526.000       0.038507
     527.000       0.041033
     528.000       0.040107
     529.000       0.035778
     530.000       0.028476
     531.000       0.018956
     532.000       0.008087
     533.000      -0.003269
     534.000      -0.013983
     535.000      -0.023228
     536.000      -0.030333
     537.000      -0.034616
     538.000      -0.035949
     539.000      -0.034332
     540.000      -0.029928
     541.000      -0.023347
     542.000      -0.015205
     543.000      -0.006225
     544.000       0.002813
     545.000       0.011070
     546.000       0.018138
     547.000       0.023357
     548.000       0.026540
     549.000       0.027621
     550.000       0.026636
     551.000       0.023810
     552.000       0.019619
     553.000       0.014322
     554.000       0.008464
     555.000       0.002492
     556.000      -0.003277
     557.000      -0.008479
     558.000      -0.012828
     559.000      -0.016246
     560.000      -0.018595
     561.000      -0.019802
     562.000      -0.019994
     563.000      -0.019169
     564.000      -0.017369
     565.000      -0.014839
     566.000      -0.011543
     567.000      -0.007694
     568.000      -0.003438
     569.000       0.001096
     570.000       0.005714
     571.000       0.010170
     572.000       0.014270
     573.000       0.017773
     574.000       0.020380
     575.000       0.021917
     576.000       0.022172
     577.000       0.021004
     578.000       0.018374
     579.000       0.014363
     580.000       0.009062
     581.000       0.002825
     582.000      -0.004019
     583.000      -0.011020
     584.000      -0.017633
     585.000      -0.023381
     586.000      -0.027708
     587.000      -0.030268
     588.000      -0.030646
     589.000      -0.028766
     590.000      -0.024562
     591.000      -0.018244
     592.000      -0.010178
     593.000      -0.000898
     594.000       0.008943
     595.000       0.018585
     596.000       0.027218
     597.000       0.034165
     598.000       0.038678
     599.000       0.040351
     600.000       0.038855
     601.000       0.034207
     602.000       0.026556
     603.000       0.016540
     604.000       0.004695
     605.000      -0.007899
     606.000      -0.020337
     607.000      -0.031543
     608.000      -0.040518
     609.000      -0.046459
     610.000      -0.048740
     611.000      -0.047048
     612.000      -0.041404
     613.000      -0.032153
     614.000      -0.019999
     615.000      -0.005869
     616.000       0.009057
     617.000       0.023508
     618.000       0.036232
     619.000       0.046085
     620.000       0.052073
     621.000       0.053719
     622.000       0.050651
     623.000       0.043190
     624.000       0.031853
     625.000       0.017690
     626.000       0.001844
     627.000      -0.014100
     628.000      -0.028866
     629.000      -0.041022
     630.000      -0.049447
     631.000      -0.053503
     632.000      -0.052774
     633.000      -0.047374
     634.000      -0.037981
     635.000      -0.025396
     636.000      -0.010837
     637.000       0.004269
     638.000       0.018686
     639.000       0.031134
     640.000       0.040537
     641.000       0.046276
     642.000       0.047994
     643.000       0.045618
     644.000       0.039641
     645.000       0.030684
     646.000       0.019569
     647.000       0.007434
     648.000      -0.004698
     649.000      -0.015929
     650.000      -0.025204
     651.000      -0.032057
     652.000      -0.035965
     653.000      -0.036851
     654.000      -0.034774
     655.000      -0.030246
     656.000      -0.023629
     657.000      -0.015749
     658.000      -0.007281
     659.000       0.001045
     660.000       0.008642
     661.000       0.014849
     662.000       0.019534
     663.000       0.022370
     664.000       0.023366
     665.000       0.022796
     666.000       0.020787
     667.000       0.017688
     668.000       0.013974
     669.000       0.009819
     670.000       0.005594
     671.000       0.001541
     672.000      -0.002209
     673.000      -0.005668
     674.000      -0.008547
     675.000      -0.011139
     676.000      -0.013231
     677.000      -0.014840
     678.000      -0.015962
     679.000      -0.016554
     680.000      -0.016348
     681.000      -0.015487
     682.000      -0.013714
     683.000      -0.010977
     684.000      -0.007441
     685.000      -0.003053
     686.000       0.001967
     687.000       0.007296
     688.000       0.012564
     689.000       0.017565
     690.000       0.021527
     691.000       0.024367
     692.000       0.025607
     693.000       0.024950
     694.000       0.022374
     695.000       0.017985
     696.000       0.011772
     697.000       0.004383
     698.000      -0.003796
     699.000      -0.012205
     700.000      -0.020016
     701.000      -0.026628
     702.000      -0.031493
     703.000      -0.033951
     704.000      -0.033780
     705.000      -0.030890
     706.000      -0.025291
     707.000      -0.017347
     708.000      -0.007794
     709.000       0.002901
     710.000       0.013612
     711.000       0.023532
     712.000       0.031764
     713.000       0.037566
     714.000       0.040194
     715.000       0.039580
     716.000       0.035474
     717.000       0.028216
     718.000       0.018446
     719.000       0.006908
     720.000      -0.005481
     721.000      -0.017454
     722.000      -0.028129
     723.000      -0.036537
     724.000      -0.041761
     725.000      -0.043533
     726.000      -0.041595
     727.000      -0.036005
     728.000      -0.027383
     729.000      -0.016437
     730.000      -0.003984
     731.000       0.008707
     732.000       0.020615
     733.000       0.030815
     734.000       0.038209
     735.000       0.042277
     736.000       0.042750
     737.000       0.039365
     738.000       0.032650
     739.000       0.023191
     740.000       0.011737
     741.000      -0.000547
     742.000      -0.012461
     743.000      -0.023145
     744.000      -0.031350
     745.000      -0.036495
     746.000      -0.038170
     747.000      -0.036237
     748.000      -0.030940
     749.000      -0.023048
     750.000      -0.013243
     751.000      -0.002620
     752.000       0.007673
     753.000       0.016784
     754.000       0.023798
     755.000       0.028097
     756.000       0.029502
     757.000       0.028014
     758.000       0.023914
     759.000       0.017860
     760.000       0.010615
     761.000       0.002830
     762.000      -0.004447
     763.000      -0.010661
     764.000      -0.015258
     765.000      -0.017827
     766.000      -0.018292
     767.000      -0.016935
     768.000      -0.013804
     769.000      -0.009654
     770.000      -0.004965
     771.000      -0.000275
     772.000       0.003750
     773.000       0.006712
     774.000       0.008388
     775.000       0.008599
     776.000       0.007410
     777.000       0.005250
     778.000       0.002321
     779.000      -0.000795
     780.000      -0.003572
     781.000      -0.005642
     782.000      -0.006654
     783.000      -0.006315
     784.000      -0.004776
     785.000      -0.002134
     786.000       0.001333
     787.000       0.005006
     788.000       0.008518
     789.000       0.011294
     790.000       0.012882
     791.000       0.012950
     792.000       0.011476
     793.000       0.008369
     794.000       0.003983
     795.000      -0.001201
     796.000      -0.006790
     797.000      -0.011999
     798.000      -0.016282
     799.000      -0.019152
     800.000      -0.020178
     801.000      -0.019154
     802.000      -0.016192
     803.000      -0.011412
     804.000      -0.005314
     805.000       0.001530
     806.000       0.008474
     807.000       0.014856
     808.000       0.019986
     809.000       0.023404
     810.000       0.024765
     811.000       0.023832
     812.000       0.020767
     813.000       0.015785
     814.000       0.009285
     815.000       0.001956
     816.000      -0.005667
     817.000      -0.012805
     818.000      -0.018866
     819.000      -0.023237
     820.000      -0.025609
     821.000      -0.025659
     822.000      -0.023464
     823.000      -0.019158
     824.000      -0.013177
     825.000      -0.006007
     826.000       0.001578
     827.000       0.008989
     828.000       0.015452
     829.000       0.020359
     830.000       0.023313
     831.000       0.023971
     832.000       0.022334
     833.000       0.018608
     834.000       0.013186
     835.000       0.006656
     836.000      -0.000312
     837.000      -0.006961
     838.000      -0.012719
     839.000      -0.016892
     840.000      -0.019262
     841.000      -0.019543
     842.000      -0.017885
     843.000      -0.014478
     844.000      -0.009825
     845.000      -0.004399
     846.000       0.001116
     847.000       0.006198
     848.000       0.010262
     849.000       0.012977
     850.000       0.014085
     851.000       0.013488
     852.000       0.011454
     853.000       0.008087
     854.000       0.004032
     855.000      -0.000369
     856.000      -0.004453
     857.000      -0.007823
     858.000      -0.009929
     859.000      -0.010665
     860.000      -0.009768
     861.000      -0.007448
     862.000      -0.003946
     863.000       0.000295
     864.000       0.004749
     865.000       0.008766
     866.000       0.011820
     867.000       0.013433
     868.000       0.013249
     869.000       0.011226
     870.000       0.007482
     871.000       0.002303
     872.000      -0.003639
     873.000      -0.009768
     874.000      -0.015246
     875.000      -0.019457
     876.000      -0.021639
     877.000      -0.021622
     878.000      -0.019011
     879.000      -0.014099
     880.000      -0.007222
     881.000       0.000949
     882.000       0.009639
     883.000       0.017809
     884.000       0.024715
     885.000       0.029441
     886.000       0.031366
     887.000       0.030255
     888.000       0.026000
     889.000       0.018904
     890.000       0.009651
     891.000      -0.000965
     892.000      -0.011995
     893.000      -0.022176
     894.000      -0.030660
     895.000      -0.036502
     896.000      -0.039002
     897.000      -0.037964
     898.000      -0.033347
     899.000      -0.025452
     900.000      -0.015105
     901.000      -0.003143
     902.000       0.009321
     903.000       0.021095
     904.000       0.031048
     905.000       0.038366
     906.000       0.042132
     907.000       0.042140
     908.000       0.038285
     909.000       0.030944
     910.000       0.020714
     911.000       0.008720
     912.000      -0.004155
     913.000      -0.016519
     914.000      -0.027272
     915.000      -0.035451
     916.000      -0.040309
     917.000      -0.041367
     918.000      -0.038723
     919.000      -0.032626
     920.000      -0.023650
     921.000      -0.012886
     922.000      -0.001251
     923.000       0.010223
     924.000       0.020278
     925.000       0.028339
     926.000       0.033648
     927.000       0.035826
     928.000       0.034925
     929.000       0.031224
     930.000       0.024988
     931.000       0.017159
     932.000       0.008290
     933.000      -0.000789
     934.000      -0.009265
     935.000      -0.016498
     936.000      -0.022095
     937.000      -0.025557
     938.000      -0.026831
     939.000      -0.026089
     940.000      -0.023276
     941.000      -0.019023
     942.000      -0.013688
     943.000      -0.007759
     944.000      -0.001770
     945.000       0.003696
     946.000       0.008487
     947.000       0.012079
     948.000       0.014427
     949.000       0.015554
     950.000       0.015469
     951.000       0.014346
     952.000       0.012568
     953.000       0.010270
     954.000       0.007716
     955.000       0.005315
     956.000       0.002977
     957.000       0.000910
     958.000      -0.000810
     959.000      -0.002416
     960.000      -0.003852
     961.000      -0.005228
     962.000      -0.006674
     963.000      -0.008244
     964.000      -0.009729
     965.000      -0.011286
     966.000      -0.012565
     967.000      -0.013391
     968.000      -0.013613
     969.000      -0.012991
     970.000      -0.011216
     971.000      -0.008465
     972.000      -0.004541
     973.000       0.000387
     974.000       0.005887
     975.000       0.011774
     976.000       0.017483
     977.000       0.022395
     978.000       0.026074
     979.000       0.028034
     980.000       0.027756
     981.000       0.025153
     982.000       0.020212
     983.000       0.012964
     984.000       0.004072
     985.000      -0.005907
     986.000      -0.016239
     987.000      -0.025841
     988.000      -0.033843
     989.000      -0.039510
     990.000      -0.041877
     991.000      -0.040694
     992.000      -0.035845
     993.000      -0.027375
     994.000      -0.016035
     995.000      -0.002697
     996.000       0.011578
     997.000       0.025388
     998.000       0.037334
     999.000       0.046407
    1000.000       0.051418